Jhimruk River Hydrology Data													
Daily Discharge m3/sec													
													
F.Y.: 2051/52													
Date	Shrawan	Bhadra	Ashwin	Kartik	Mangsir	Poush	Magh	Falgun	Chaitra	Baishakh	Jestha 	Ashadh	Max
1		0.000	40.99	12.67	7.65	6.35	5.22	4.45	3.27	2.85		8.69	122.630
2		0.000	45.03	17.78	8.23	6.66	4.54	4.04	3.33	2.65		7.31	
3		0.000	68.41	17.80	7.83	6.83	4.43	5.28	2.76	2.40		13.78	
4		0.000	54.74	13.95	8.72	6.78	4.32	5.60	2.84	2.32		15.52	
5		0.000	50.26	10.18	7.47	6.46	4.17	4.97	2.89	2.45		18.00	
6		0.000	42.36	10.16	7.45	6.29	4.41	4.98	2.89	2.20		27.14	
7		107.37	42.32	10.14	7.23	6.39	4.79	4.65	2.89	1.99		20.67	
8		112.01	38.82	10.09	7.51	6.20	4.75	4.57	2.89	1.98		50.36	
9		120.50	35.54	10.14	7.99	6.18	4.84	4.60	2.79	2.20		42.60	
10		103.69	33.45	10.65	7.88	6.37	5.23	4.46	2.89	2.02		46.18	
11		101.91	31.75	11.02	8.02	5.98	4.82	5.42	2.87	1.94		42.93	
12		86.82	31.16	12.12	7.99	5.88	5.34	5.36	2.87	1.96		39.02	
13		97.56	27.20	11.82	7.99	6.40	4.65	5.11	2.42	Irrigation use		38.82	
14		72.11	27.01	11.62	7.77	5.95	5.03	4.98	2.87			55.33	
15		66.94	25.46	11.68	7.19	5.53	5.63	4.89	2.87			50.31	
16		62.21	26.51	11.13	8.02	5.86	4.88	3.17	2.75			39.49	
17		55.33	26.90	12.44	7.85	5.85	4.82	4.30	2.84			50.14	
18		48.52	27.48	12.38	6.84	5.77	4.83	4.23	2.77			59.32	
19		46.29	26.99	10.42	4.97	5.74	4.64	4.22	2.77			44.70	
20		47.68	25.56	8.12	7.41	5.71	4.48	4.15	2.71			35.49	
21		42.71	23.72	8.09	7.42	5.61	4.58	4.46	2.71			29.92	
22		41.41	18.52	7.42	8.15	5.57	4.38	4.12	2.54			30.79	
23		35.72	17.97	9.19	7.76	5.47	4.37	4.02	2.63			28.62	
24		37.44	17.95	10.16	7.44	6.25	4.54	2.60	2.77			36.84	
25		64.84	17.84	8.85	7.21	7.20	4.36	4.13	2.77			35.65	
26		47.36	17.78	10.12	7.23	6.46	4.33	3.93	2.77			122.63	
27		63.94	17.84	9.06	7.08	6.46	4.48	3.78	2.77			79.47	
28		59.51	17.78	8.70	7.07	4.78	4.43	3.64	2.77			67.16	
29		46.19	17.94	8.60	6.35	7.23	4.24	3.56	2.71			61.52	
30		44.26	17.87	8.49		6.21		3.53	2.74			57.05	
31		38.80	17.72									57.87	
32												63.35	
													
F.Y.: 2052/53													
Date	Shrawan	Bhadra	Ashwin	Kartik	Mangsir	Poush	Magh	Falgun	Chaitra	Baishakh	Jestha 	Ashadh	Max
1	93.46	108.60	53.80	12.49	8.98	6.59	6.31	7.48	4.73	2.37	0.42	14.03	119.300
2	98.37	96.91	53.80	11.35	8.49	6.59	11.04	7.38	4.82	2.29	0.79	7.23	
3	97.67	109.77	41.18	11.91	8.37	6.93	7.95	6.55	4.44	2.60	0.78	14.09	
4	80.83	119.30	38.90	12.67	8.22	6.75	7.23	6.53	5.05	2.76	1.09	7.02	
5	67.33	86.81	36.44	11.89	8.17	6.49	6.79	6.16	4.58	2.52	0.89	4.46	
6	56.86	78.54	38.48	11.09	8.26	6.50	6.66	5.93	4.22	2.85	0.66	5.82	
7	61.75	83.72	33.87	12.30	9.01	6.45	6.43	5.73	4.57	2.14	0.86	6.09	
8	43.90	86.04	32.99	10.65	9.10	6.41	6.33	5.99	3.75	1.76	1.02	51.41	
9	44.76	57.75	29.49	9.59	8.66	6.29	6.20	5.59	3.97	2.45	0.89	20.93	
10	39.60	84.44	32.00	9.88	8.31	6.36	5.62	5.83	4.12	2.58	1.55	21.29	
11	50.49	69.21	29.48	9.36	8.01	5.81	5.92	5.52	4.15	2.42	1.47	33.20	
12	82.32	70.40	30.53	9.67	8.02	6.09	5.69	5.66	4.08	2.10	1.24	21.16	
13	57.04	87.12	27.97	8.87	8.60	5.81	5.82	5.84	3.94	4.05	1.24	13.99	
14	40.64	102.26	26.43	9.78	7.72	5.89	5.85	7.39	3.81	3.59	1.14	17.28	
15	56.30	83.71	23.73	9.02	7.98	6.14	5.70	8.38	3.96	3.18	0.92	14.62	
16	79.79	64.75	25.27	8.21	8.59	5.99	5.65	7.13	3.88	2.87	1.11	25.10	
17	69.58	53.58	23.48	8.60	8.30	6.50	5.63	5.79	3.63	2.44	1.01	32.77	
18	64.47	75.38	22.58	9.46	7.75	5.53	5.54	5.32	4.01	2.78	1.10	15.58	
19	58.79	58.62	22.91	8.74	8.07	5.43	5.40	5.36	3.84	2.18	1.56	13.73	
20	53.62	62.74	21.14	8.20	7.79	6.76	5.17	5.52	3.79	2.15	2.39	14.52	
21	47.50	60.11	20.10	7.23	7.89	6.01	5.20	6.98	3.56	2.11	3.10	13.56	
22	51.28	57.01	18.84	7.58	8.01	5.96	4.99	6.83	3.33	1.77	2.87	41.35	
23	50.71	57.98	18.97	7.21	8.54	5.78	5.04	6.59	3.32	1.08	4.50	24.42	
24	46.73	49.33	17.64	9.40	8.36	6.04	4.84	6.33	3.37	1.10	2.34	21.67	
25	51.19	50.77	17.43	30.27	8.13	6.35	5.18	5.91	3.45	1.18	2.39	26.29	
26	42.33	40.33	16.46	12.83	8.24	5.93	5.11	5.51	3.36	0.93	3.47	25.48	
27	48.46	39.52	17.71	10.58	7.92	5.78	13.20	5.34	3.13	0.81	2.85	44.65	
28	67.96	39.84	17.45	9.05	7.28	5.42	12.67	4.89	3.00	1.61	2.17	55.30	
29	77.62	38.09	13.64	8.93	7.31	5.31	9.04	5.06	2.82	0.59	7.33	78.38	
30	103.09	55.20	13.65	8.54		5.62		5.56	2.73	0.69	8.62	106.51	
31	111.57	39.89	12.98							0.77	4.05	100.47	
32	108.60										24.34		
													
F.Y.: 2053/54													
Date	Shrawan	Bhadra	Ashwin	Kartik	Mangsir	Poush	Magh	Falgun	Chaitra	Baishakh	Jestha 	Ashadh	Max
1	81.18	96.14	58.77	31.48	11.60	8.18	6.02	5.51	4.61	4.30	1.73	2.34	376.970
2	91.34	127.45	53.76	30.69	11.27	7.91	5.87	5.39	4.28	4.23	1.98	2.30	
3	110.91	115.56	53.86	38.60	10.64	8.24	5.96	5.14	4.16	4.00	1.89	2.08	
4	376.97	101.75	48.23	27.74	11.01	7.92	5.83	4.92	4.08	3.92	1.76	1.81	
5	134.78	92.28	44.98	26.81	12.37	7.69	5.88	4.76	3.93	4.30	2.09	23.13	
6	123.15	95.92	43.29	25.43	12.79	7.15	5.62	4.66	4.05	3.59	2.06	6.07	
7	126.58	97.39	46.21	25.25	11.17	7.21	7.95	4.32	3.94	3.57	1.47	3.22	
8	97.98	108.65	40.63	24.18	10.53	7.23	8.00	4.55	3.86	3.58	1.98	2.63	
9	100.03	108.63	38.86	23.51	10.77	7.97	8.09	4.67	3.88	3.04	1.93	3.78	
10	87.13	75.73	37.66	24.54	9.75	7.39	7.47	4.37	3.85	3.39	3.15	28.40	
11	73.89	83.08	63.80	23.86	9.25	7.28	6.89	4.27	3.75	6.01	2.07	9.85	
12	67.17	71.94	43.38	21.78	9.26	7.14	6.62	4.09	4.70	3.64	2.57	19.36	
13	62.96	72.16	69.62	19.59	9.28	6.79	6.46	4.03	3.79	3.75	2.51	19.29	
14	59.55	97.14	55.26	19.34	9.37	6.99	6.39	4.25	3.78	8.12	3.50	13.23	
15	57.04	113.97	49.49	20.61	9.96	6.62	6.40	3.83	3.78	7.20	3.47	20.57	
16	136.33	129.88	51.80	17.27	8.93	6.99	6.27	4.37	3.81	4.93	4.78	14.10	
17	94.09	122.77	44.66	16.41	8.90	6.92	6.23	4.09	4.56	4.68	5.15	25.34	
18	98.14	116.60	72.14	18.13	8.59	6.68	6.22	4.27	5.44	3.98	4.06	10.68	
19	83.68	104.40	88.15	15.71	8.38	6.07	6.17	4.29	4.35	3.61	3.83	21.68	
20	78.03	95.25	70.56	15.35	8.19	6.77	6.11	4.27	4.50	3.45	3.35	33.54	
21	64.59	93.60	59.54	15.30	8.26	6.66	6.57	4.08	4.36	4.47	3.19	28.76	
22	69.83	88.40	58.66	15.00	8.34	6.63	6.09	4.20	5.99	3.43	3.47	62.75	
23	76.53	84.45	44.92	15.22	8.29	6.64	5.98	4.20	4.92	2.97	3.39	70.14	
24	88.32	77.14	43.34	14.30	8.16	6.30	5.85	4.24	5.26	2.87	4.55	59.67	
25	85.53	71.81	37.15	13.50	8.23	6.49	5.76	4.02	4.92	2.19	4.32	69.05	
26	85.85	74.81	39.12	13.43	8.28	6.36	5.68	4.30	4.06	4.45	3.26	85.56	
27	86.01	73.36	38.97	13.48	8.35	6.04	5.64	4.34	6.67	3.98	2.64	330.98	
28	88.47	82.75	36.35	12.93	8.38	6.00	5.49	4.24	5.69	3.39	2.65	133.78	
29	91.13	74.23	35.16	15.08	8.38	6.08	5.55	4.09	5.11	2.78	5.33	127.72	
30	82.82	68.39	33.89	14.63	8.21	6.02		4.22	4.57	2.37	6.07	113.99	
31	76.90	62.67								2.06	4.61	95.88	
32	76.95										3.30		
													
F.Y.: 2054/55													
Date	Shrawan	Bhadra	Ashwin	Kartik	Mangsir	Poush	Magh	Falgun	Chaitra	Baishakh	Jestha 	Ashadh	Max
1	114.22	105.19	54.57	17.69	10.98	10.06	6.42	4.91	6.51	3.68	17.17	6.16	537.890
2	108.92	168.02	52.14	16.65	11.05	9.75	6.27	5.03	5.35	3.50	10.04	5.63	
3	127.24	119.58	51.05	15.61	10.52	9.05	6.11	5.03	5.12	3.25	7.11	4.38	
4	168.90	107.71	47.13	15.68	11.49	9.09	6.36	4.90	4.96	3.17	2.05	4.07	
5	116.84	95.41	48.20	15.24	11.38	9.02	5.95	4.79	5.24	3.33	2.39	10.33	
6	323.26	90.63	45.47	16.21	10.95	8.82	5.64	4.81	5.83	3.29	1.88	25.87	
7	135.56	76.38	41.76	16.39	10.96	8.89	5.36	4.81	5.17	3.09	1.94	83.39	
8	123.88	70.75	40.60	19.28	10.63	8.90	5.37	4.58	4.92	2.94	2.16	34.07	
9	130.52	64.73	38.68	20.61	9.42	8.76	5.45	4.58	4.82	2.99	2.12	32.72	
10	105.67	61.77	86.24	17.21	10.09	8.54	5.44	4.37	4.68	4.17	4.79	29.77	
11	94.96	53.71	35.79	16.84	14.64	8.21	5.40	4.32	4.71	4.16	11.46	61.95	
12	93.67	54.58	35.39	16.84	12.29	8.15	5.32	4.68	4.58	4.86	12.23	100.24	
13	95.39	58.18	31.82	16.51	10.96	8.38	5.27	5.91	4.57	4.34	4.99	74.57	
14	137.83	87.21	30.86	15.55	10.05	8.36	5.26	5.60	4.22	4.34	2.93	68.58	
15	207.87	71.72	30.58	15.15	10.82	8.13	5.22	5.44	4.37	3.50	2.49	60.10	
16	99.79	58.83	30.27	12.79	12.92	7.96	5.32	5.16	5.26	3.13	2.45	45.81	
17	110.02	52.36	30.30	12.78	11.63	7.75	5.60	5.00	7.20	3.14	2.05	64.65	
18	94.10	45.64	29.81	11.45	10.55	7.61	5.37	4.77	5.33	2.78	2.18	45.67	
19	108.58	43.00	28.33	11.41	10.13	7.53	5.58	4.72	4.63	4.43	2.27	45.23	
20	82.29	62.33	27.03	10.84	9.50	7.40	5.57	4.76	4.63	8.14	2.07	46.70	
21	91.69	72.11	26.64	11.19	9.65	7.41	5.50	4.79	4.33	3.18	2.11	109.71	
22	69.74	51.40	23.98	11.11	9.47	7.27	5.35	6.14	6.95	18.39	1.95	108.40	
23	58.05	55.23	23.45	10.89	9.64	7.17	5.35	6.31	5.15	6.58	1.85	182.53	
24	64.02	51.20	22.99	10.45	12.93	7.05	5.34	5.51	5.52	4.00	2.03	144.17	
25	56.53	50.49	21.82	10.79	22.94	7.00	5.19	5.23	4.79	3.68	1.83	122.35	
26	72.38	54.02	22.22	10.37	14.96	6.85	5.18	5.16	5.26	3.11	1.68	96.15	
27	88.73	57.98	21.35	9.68	12.23	6.66	5.14	5.07	5.59	3.22	1.65	85.93	
28	537.89	71.18	20.91	9.43	10.32	6.76	5.18	5.05	4.72	2.90	1.66	150.43	
29	151.90	65.95	19.44	40.64	11.11	6.63	5.65	6.23	4.44	4.16	1.39	94.40	
30	12.07	58.39	18.90	11.07	10.61		5.06		4.13	3.54	5.58	82.39	
31	122.31	57.60								14.72	4.96	85.07	
32	101.67											77.59	
													
F.Y.: 2055/56													
Date	Shrawan	Bhadra	Ashwin	Kartik	Mangsir	Poush	Magh	Falgun	Chaitra	Baishakh	Jestha 	Ashadh	Max
1	85.56	101.09	53.42	33.14	14.04	8.10	6.89	5.28	4.11	3.16	5.40	15.82	255.400
2	102.75	117.63	53.41	30.58	14.04	7.79	6.45	4.98	4.12	3.06	3.64	11.72	
3	98.30	122.20	51.99	28.31	15.64	7.99	6.37	4.56	4.17	2.93	2.93	19.71	
4	115.93	111.34	47.72	26.76	17.46	7.49	6.26	4.71	4.08	2.95	4.92	10.30	
5	106.38	154.49	46.49	24.12	14.10	7.39	6.14	4.69	4.00	2.88	5.69	8.59	
6	93.60	128.01	42.33	23.34	14.03	7.33	6.00	4.29	3.83	2.86	1.86	11.15	
7	84.28	146.20	41.75	22.64	13.76	6.87	6.02	4.26	3.94	2.66	3.53	11.54	
8	88.83	134.83	39.00	20.86	12.84	6.95	5.65	4.67	3.92	2.45	3.31	22.98	
9	88.28	151.22	36.08	19.47	12.78	7.14	5.88	4.91	4.01	1.60	1.76	42.71	
10	72.47	145.13	34.31	17.77	12.09	7.08	5.82	4.97	3.57	1.79	1.57	37.06	
11	86.83	188.24	34.76	17.14	11.61	7.24	5.49	4.84	3.92	1.58	1.50	24.70	
12	74.85	135.73	39.10	17.52	11.40	7.26	5.30	4.88	3.82	1.50	4.34	25.52	
13	67.44	121.78	55.27	16.37	10.86	7.21	5.19	4.81	3.77	1.39	5.63	34.76	
14	58.65	117.21	42.87	15.59	10.91	7.24	5.14	4.40	3.91	1.31	5.28	37.83	
15	59.47	114.73	49.81	15.59	10.94	6.91	5.63	4.44	3.79	1.29	3.05	30.53	
16	74.11	255.40	51.51	15.59	10.94	6.79	5.72	4.36	3.89	1.23	1.48	30.68	
17	63.79	139.61	91.57	15.59	10.94	6.85	5.50	4.41	3.84	1.24	1.29	29.83	
18	96.79	159.45	76.26	14.95	10.97	6.68	5.29	4.40	3.75	1.26	1.34	27.25	
19	103.74	159.30	58.97	14.04	10.57	6.56	5.12	4.40	3.52	1.76	1.35	34.05	
20	120.24	137.53	52.91	14.04	10.29	6.79	5.12	4.44	3.53	1.35	1.35	33.21	
21	111.93	153.09	47.19	14.05	10.20	6.77	5.30	4.26	3.55	1.34	1.34	37.76	
22	97.53	126.58	45.60	14.97	9.38	6.71	5.83	4.26	3.49	1.28	1.34	55.16	
23	90.60	113.26	42.39	16.37	9.36	6.62	5.79	4.21	3.46	1.26	1.34	63.11	
24	94.18	104.29	38.58	14.11	8.77	6.57	5.79	4.34	3.54	1.18	1.34	50.61	
25	99.71	94.48	35.95	14.04	8.49	6.88	5.76	4.13	3.51	1.18	1.74	42.08	
26	113.23	87.48	34.80	14.14	8.46	7.40	5.76	4.14	4.28	1.29	1.90	42.27	
27	116.06	72.25	33.11	13.89	8.46	7.07	5.70	4.09	3.59	1.58	6.26	170.35	
28	135.71	70.75	31.20	14.02	8.46	7.05	5.66	4.06	3.55	1.83	8.75	48.09	
29	150.31	63.92	31.58	14.02	8.46	6.81	5.60	4.92	3.48	7.18	56.67	49.94	
30	124.79	59.57	30.90	13.94		6.97		4.23	3.32	7.12	116.33	80.57	
31	112.99	56.23	29.84							6.32	50.09	56.62	
32												48.93	
													
F.Y.: 2056/57													
Date	Shrawan	Bhadra	Ashwin	Kartik	Mangsir	Poush	Magh	Falgun	Chaitra	Baishakh	Jestha 	Ashadh	Max
1	44.33	77.72	82.16	34.23	14.07	8.44	7.45	6.37	4.48	3.14	5.38	34.68	232.440
2	44.45	93.40	99.76	32.54	13.93	8.16	7.14	6.11	4.42	6.78	5.62	26.01	
3	49.46	90.48	69.33	32.81	13.17	8.02	7.07	5.92	4.33	4.03	7.61	32.90	
4	57.55	83.44	92.25	23.81	12.24	7.98	6.90	5.94	4.23	3.76	5.59	63.93	
5	52.34	81.64	73.87	29.45	11.87	7.86	6.84	9.98	4.21	3.26	4.76	48.19	
6	50.04	90.74	80.04	27.53	11.09	8.00	6.82	6.04	4.23	3.26	4.44	40.13	
7	43.87	112.37	81.49	27.04	10.51	8.08	6.76	6.00	4.23	13.65	7.12	52.56	
8	42.83	120.35	81.46	24.48	10.85	8.05	6.71	5.97	4.17	8.66	7.86	90.82	
9	48.91	136.78	75.15	23.08	10.94	8.00	6.64	5.83	4.14	4.57	11.88	81.38	
10	62.29	137.55	101.78	22.94	10.94	7.98	6.54	5.74	4.95	3.60	19.00	59.63	
11	70.95	125.66	84.06	21.49	10.94	7.71	6.44	5.65	5.43	3.63	19.50	59.34	
12	74.40	116.72	80.07	19.53	10.91	7.73	6.05	5.62	4.60	5.30	22.33	63.99	
13	68.65	161.18	103.57	18.49	10.85	7.62	6.38	5.20	4.43	6.36	19.15	50.58	
14	63.31	211.20	91.96	18.69	10.84	7.46	6.05	4.96	4.39	5.29	7.44	37.41	
15	69.37	232.44	93.81	18.69	10.84	7.55	5.92	5.23	4.21	4.06	6.60	75.72	
16	58.33	157.94	100.28	18.23	10.58	7.46	5.57	4.86	4.22	3.34	14.67	72.19	
17	49.92	134.80	86.94	18.14	9.92	7.35	5.78	4.98	4.10	3.14	28.85	66.21	
18	52.34	119.96	91.77	18.69	9.92	7.09	5.88	4.92	4.02	3.66	17.80	86.15	
19	47.81	112.22	82.56	18.69	9.31	7.01	5.93	4.83	3.87	2.52	15.85	66.42	
20	59.74	104.06	75.26	18.70	9.31	9.91	5.95	4.91	3.77	2.35	17.20	54.10	
21	57.33	91.48	68.28	18.43	9.13	6.89	5.81	4.90	3.60	2.76	9.73	48.47	
22	55.12	86.19	60.99	18.28	9.02	6.90	6.68	4.82	3.30	2.41	10.13	45.19	
23	54.94	102.10	54.86	17.11	9.02	6.74	7.72	4.50	3.32	3.59	10.11	74.50	
24	48.69	103.64	51.91	16.94	8.95	6.70	7.04	4.45	3.33	6.48	6.32	57.22	
25	42.98	96.36	48.14	16.33	8.79	6.69	6.45	4.21	3.26	8.87	25.99	52.55	
26	63.16	103.78	45.43	15.91	8.71	6.71	6.14	4.20	3.23	8.74	230.56	62.63	
27	77.97	87.68	42.94	15.19	8.24	6.60	6.05	4.18	3.20	8.95	113.14	64.58	
28	94.12	82.07	38.65	14.18	8.40	6.46	6.06	4.13	3.22	8.74	88.37	62.24	
29	95.00	68.59	37.97	14.37	8.41	8.05	7.05	4.14	3.19	8.74	42.24	44.34	
30	95.40	78.85	36.00	14.19		7.99		4.15	3.14	9.20	16.63	45.85	
31	87.53	75.11									9.04	54.90	
32		72.61									15.54		
													
F.Y.: 2057/58													
Date	Shrawan	Bhadra	Ashwin	Kartik	Mangsir	Poush	Magh	Falgun	Chaitra	Baishakh	Jestha 	Ashadh	Max
1	60.94	115.19	87.31	25.49	13.51	7.98	6.86	5.44	4.98	3.41	3.53	43.48	157.260
2	58.77	112.43	127.61	23.87	13.83	7.68	6.84	5.44	4.76	5.30	3.53	26.46	
3	53.25	98.44	155.67	23.06	12.50	7.68	6.69	5.43	4.97	4.71	6.13	30.07	
4	50.95	93.87	121.28	22.55	12.86	7.54	6.67	5.40	4.69	4.85	6.97	20.91	
5	57.66	109.43	104.37	21.62	12.04	7.57	6.49	5.40	4.54	2.45	6.23	16.17	
6	58.72	124.20	112.08	20.97	11.39	7.12	6.48	5.37	4.35	4.60	4.02	51.41	
7	70.98	111.87	104.31	20.32	11.44	7.86	6.21	5.37	4.37	3.96	6.67	42.54	
8	57.81	116.29	91.37	19.41	11.12	7.66	6.30	5.10	4.41	3.47	3.57	46.65	
9	64.89	147.64	87.24	19.38	10.86	7.58	6.30	5.03	4.46	3.08	3.53	40.30	
10	79.16	116.07	81.10	18.50	10.86	7.48	6.13	5.05	4.69	3.06	3.53	29.06	
11	78.50	113.41	75.07	17.01	10.42	7.70	6.09	4.96	4.37	2.90	3.53	28.44	
12	101.10	104.89	69.45	17.43	10.24	7.38	6.14	4.99	4.15	2.71	3.53	26.34	
13	87.91	136.35	68.58	17.41	10.21	7.19	6.14	4.99	4.11	2.69	3.25	26.55	
14	99.80	157.26	60.11	16.18	10.02	7.11	6.14	5.44	4.10	2.59	2.72	29.01	
15	98.58	127.02	54.79	15.95	9.53	7.10	6.09	6.16	4.04	2.55	3.22	75.16	
16	116.84	126.06	52.38	15.99	9.39	7.07	6.07	6.13	4.06	2.23	7.21	59.48	
17	118.87	113.11	50.06	15.55	9.61	7.23	6.05	6.04	4.20	2.79	5.14	75.19	
18	104.40	98.32	40.47	14.21	9.78	7.43	5.98	5.74	4.17	6.80	3.67	47.45	
19	88.63	117.39	39.92	14.33	9.34	7.45	5.87	5.48	4.76	6.90	2.95	45.76	
20	76.55	101.82	39.50	13.63	9.38	7.26	5.84	5.22	4.30	3.63	28.23	44.54	
21	68.60	110.00	36.65	14.02	9.21	7.37	5.74	5.02	4.08	9.75	23.45	63.30	
22	61.65	111.82	35.13	14.26	9.16	7.31	5.68	5.00	3.83	6.31	28.31	39.10	
23	94.99	155.89	35.95	13.22	9.35	7.27	5.66	4.93	3.77	3.65	31.81	45.16	
24	141.08	134.69	34.17	12.23	8.67	7.08	5.54	4.91	3.54	6.11	15.41	35.89	
25	100.58	130.82	33.08	13.88	8.48	7.13	5.44	5.08	3.53	3.29	16.28	31.29	
26	154.78	124.07	30.71	15.26	8.28	7.01	5.53	5.66	3.49	4.32	17.35	30.35	
27	123.38	116.86	30.33	14.90	8.28	6.90	5.50	5.29	3.47	28.19	15.05	28.15	
28	107.67	107.52	28.43	14.75	8.26	6.91	5.44	5.06	3.49	13.69	27.81	26.06	
29	92.36	103.49	27.28	14.03	8.21	6.88	5.43	5.02	3.49	5.85	13.87	30.10	
30	128.95	103.05	26.84	13.85	8.08			5.02	3.29	3.90	10.51	33.01	
31	128.56	93.13							3.28		13.53	55.50	
32	124.19										16.81		
													
F.Y.: 2058/59													
Date	Shrawan	Bhadra	Ashwin	Kartik	Mangsir	Poush	Magh	Falgun	Chaitra	Baishakh	Jestha 	Ashadh	Max
1	102.71	85.00	68.10	21.45	11.06	7.72	5.99	6.65	4.48	6.48	10.04	8.95	163.440
2	94.94	123.89	52.34	21.10	11.11	7.64	5.93	6.06	4.69	6.48	8.26	4.87	
3	86.12	163.44	51.41	20.19	11.11	7.44	10.36	5.74	5.31	6.48	4.39	4.21	
4	76.17	127.21	49.90	19.42	10.01	7.31	8.29	5.81	5.56	6.48	3.53	3.27	
5	81.79	124.29	48.16	18.85	10.07	7.24	7.14	5.71	5.56	6.48	3.31	2.51	
6	64.96	121.30	46.78	17.88	9.56	7.21	6.93	5.72	5.47	6.56	2.30	2.41	
7	76.77	124.72	44.81	18.14	9.56	7.10	6.68	5.78	5.39	6.47	2.23	2.72	
8	63.27	125.91	43.08	18.50	9.21	7.05	6.83	5.46	9.56	5.99	1.72	2.52	
9	69.01	149.68	41.74	17.56	8.95	7.13	6.54	5.44	7.78	6.00	1.42	2.41	
10	64.91	131.03	40.97	16.47	8.95	6.91	6.47	5.33	7.78	6.13	1.69	16.84	
11	71.68	124.60	39.05	15.54	8.84	6.85	6.41	5.23	7.78	5.87	6.57	9.69	
12	77.49	114.54	37.19	14.91	8.73	6.80	6.26	5.18	7.52	5.98	10.20	17.21	
13	72.36	158.86	36.10	14.70	8.64	6.94	6.18	5.10	7.38	9.33	4.87	9.43	
14	89.45	122.20	34.62	14.90	8.64	6.75	6.37	5.87	5.77	9.24	2.75	8.01	
15	104.71	141.86	33.54	14.13	8.61	6.65	7.02	5.44	4.02	4.84	2.44	29.03	
16	114.73	138.45	31.91	13.38	8.28	6.81	7.28	5.58	3.79	4.50	3.41	22.14	
17	98.40	128.74	30.77	13.37	7.89	6.68	7.12	5.36	3.81	4.50	2.54	28.34	
18	97.70	118.32	40.56	13.03	7.82	6.48	6.11	5.32	7.99	4.25	3.67	58.23	
19	94.18	108.59	33.15	12.77	8.18	6.36	6.37	6.15	17.26	3.82	2.59	43.05	
20	73.46	112.63	30.38	12.61	7.91	6.36	6.20	6.02	7.56	3.66	2.51	39.93	
21	64.97	133.25	29.95	12.66	7.82	6.27	5.94	5.43	7.56	3.66	2.00	32.10	
22	61.02	106.95	28.20	12.60	7.75	6.40	6.03	5.30	7.05	3.66	2.29	28.42	
23	57.86	99.20	25.51	12.67	7.63	6.37	5.99	5.18	7.05	3.66	2.37	22.33	
24	59.16	87.60	23.32	12.43	7.76	6.29	6.01	5.02	7.05	4.18	3.30	64.58	
25	61.04	83.53	23.92	12.28	7.65	6.14	5.86	4.94	7.05	3.98	6.90	75.06	
26	66.09	77.18	23.69	12.66	7.69	5.78	6.03	4.77	6.48	3.82	21.12	38.69	
27	48.84	73.96	23.36	12.62	7.67	5.94	5.92	4.69	6.48	16.06	11.70	37.10	
28	81.76	89.68	22.49	12.05	7.52	5.91	5.67	4.41	6.48	14.21	15.06	27.41	
29	133.47	80.14	20.71	11.27	7.67	5.96	6.02	4.45	6.48	4.64	19.47	23.76	
30	101.92	72.84	21.79	11.09	7.74		8.14		6.48	4.50	9.07	23.76	
31	93.63	76.21							6.48	6.92	8.98	23.67	
32	92.57											39.43	
													
F.Y.: 2059/60													
Date	Shrawan	Bhadra	Ashwin	Kartik	Mangsir	Poush	Magh	Falgun	Chaitra	Baishakh	Jestha 	Ashadh	Max
1	22.71	67.19	32.57	20.19	10.09	5.12	3.89	3.84				8.60	151.060
2	22.16	61.86	31.51	19.12	10.09	4.51	3.89	3.90				26.42	
3	69.66	62.33	31.93	18.42	10.09	4.51	3.89	3.90				30.45	
4	60.34	151.06	27.22	17.71	10.09	4.51	3.89	3.90				12.16	
5	44.22	131.77	27.22	17.71	9.57	4.51	3.89	3.90				8.00	
6	41.15	143.36	29.43	16.47	8.54	4.30	3.89	3.90				6.87	
7	35.38	116.30	27.14	16.29	8.54	3.89	3.89	8.89				24.24	
8	35.98	99.51	35.92	15.67	8.54	3.89	3.91	8.25				22.40	
9	42.62	81.29	49.05	14.74	8.54	3.89	3.89	7.07				50.92	
10	29.52	72.57	56.61	14.74	8.54	3.89	3.89	6.46				22.40	
11	27.39	63.03	44.84	14.74	8.54	3.89	3.89	All inlet gates are closed and water flow from bypass. Headworks maintenance.				28.69	
12	24.69	61.95	40.78	14.74	7.78	3.89	3.89					29.70	
13	23.76	56.82	37.17	14.74	6.64	3.89	3.89					17.96	
14	59.76	62.46	36.55	14.74	6.25	3.89	3.89					28.29	
15	51.10	68.37	35.27	14.15	5.59	3.89	5.52					22.83	
16	51.89	55.22	33.8	13.72	5.59	4.09	5.38					53.08	
17	128.51	53.92	31.79	12.23	5.61	7.77	5.38					29.95	
18	112.60	58.52	30.2	12.7	5.61	5.96	7.69					42.47	
19	89.89	61.32	27.35	11.65	5.61	5.44	6.85					112.84	
20	76.35	55.28	25.38	11.65	5.61	5.44	5.83					59.43	
21	69.65	46.28	23.81	11.64	5.61	5.44	5.32					57.05	
22	56.12	46.44	25.15	10.61	5.61	5.44	5.01					58.40	
23	46.82	43.59	24.24	10.67	5.61	4.49	4.4					60.01	
24	45.40	38.20	23.91	10.09	5.61	4.51	4.07					82.68	
25	48.78	45.35	23.38	10.09	5.61	4.51	4.07					122.20	
26	73.81	38.94	23.38	10.09	5.61	4.51	3.79					83.32	
27	70.63	39.26	22.73	10.09	5.61	4.51	3.32					69.42	
28	60.18	36.29	21.96	10.09	5.57	4.51	3.32					61.36	
29	72.54	32.94	21.13	10.09	5.46	4.51	3.64					76.55	
30	71.92	29.85	20.55	10.09		4.26						62.27	
31	65.18	34.29	20.55									50.05	
32													
													
F.Y.: 2060/61													
Date	Shrawan	Bhadra	Ashwin	Kartik	Mangsir	Poush	Magh	Falgun	Chaitra	Baishakh	Jestha 	Ashadh	Max
1	54.76	255.2	56.14	23.45	9.71	7.52	6.29	5.44	4.42	3.30	1.28	9.42	255.200
2	57.33	162.10	54.75	23.02	9.62	7.34	6.23	5.41	4.52	3.34	0.55	8.07	
3	69.97	127.80	55.31	22.95	9.26	7.72	6.14	5.18	4.52	3.58	1.92	4.48	
4	156.09	110.60	142.94	21.80	9.61	7.35	6.13	5.27	4.51	3.09	2.69	12.53	
5	104.48	103.23	144.10	19.95	9.63	7.29	6.04	5.16	4.49	2.96	4.61	10.00	
6	115.99	97.49	100.46	18.20	9.62	7.25	5.99	5.12	4.54	2.76	6.08	13.63	
7	118.29	84.94	95.97	17.84	9.54	7.15	6.12	4.99	4.43	4.31	5.82	12.88	
8	105.08	85.94	91.38	16.14	9.61	7.20	6.81	4.94	4.33	3.06	9.29	8.95	
9	81.85	83.67	81.01	15.79	9.51	6.96	6.90	4.61	4.23	2.74	10.83	6.25	
10	67.54	73.63	73.90	21.58	9.60	7.13	13.10	4.66	4.02	3.04	5.40	4.46	
11	74.59	88.99	62.29	15.93	9.46	6.93	9.12	4.48	3.90	3.46	2.40	4.09	
12	59.79	81.94	63.37	15.79	9.32	7.02	7.57	4.31	3.88	3.96	2.05	3.73	
13	52.89	75.23	60.92	15.65	9.33	8.81	7.11	4.37	3.72	5.35	3.64	3.56	
14	49.10	78.51	53.55	14.66	9.05	8.16	6.88	4.44	3.68	3.76	5.63	6.06	
15	126.04	81.55	45.12	14.25	8.62	7.80	6.66	4.38	3.70	3.23	2.89	3.29	
16	90.74	92.95	43.25	13.42	8.48	7.74	6.37	3.96	3.72	3.36	1.96	3.06	
17	80.46	92.60	41.10	12.90	8.36	7.73	6.51	4.07	3.85	3.27	5.07	3.26	
18	90.92	88.64	39.06	12.65	8.24	7.60	6.33	3.92	3.83	3.71	3.74	79.16	
19	86.29	110.99	36.67	12.44	8.09	7.47	6.19	3.82	3.77	4.77	2.53	48.32	
20	89.51	97.41	35.36	12.10	8.03	7.33	5.98	3.87	3.79	3.81	3.47	16.77	
21	80.31	90.40	34.61	12.10	8.03	7.18	5.93	4.02	3.63	3.28	3.70	32.48	
22	69.94	86.96	33.04	11.95	8.22	7.07	5.90	4.09	3.59	2.69	3.14	22.34	
23	91.03	77.34	31.62	11.78	8.14	6.92	5.85	3.96	3.44	2.38	5.44	27.25	
24	155.26	71.70	31.23	11.38	7.73	6.77	5.79	4.02	5.02	1.78	1.96	94.51	
25	131.72	65.12	28.75	11.14	7.58	6.75	5.75	4.14	6.38	1.89	8.59	67.89	
26	116.54	62.78	28.20	10.80	7.45	6.63	5.63	3.99	6.93	1.70	7.93	43.82	
27	122.80	72.16	28.20	10.36	7.30	6.53	5.62	4.07	4.53	1.19	2.72	31.35	
28	110.97	80.06	27.43	10.26	7.15	6.49	5.74	4.09	3.98	1.43	2.15	30.66	
29	98.14	69.58	25.70	10.30	7.38	6.41	5.54	4.93	3.55	1.29	2.44	39.57	
30	88.10	62.85	24.24	10.04		6.36		4.19	3.55	1.20	3.63	49.59	
31	77.68	58.55								1.13	7.15	48.92	
32	147.45										12.98		
													
F.Y.: 2061/62													
Date	Shrawan	Bhadra	Ashwin	Kartik	Mangsir	Poush	Magh	Falgun	Chaitra	Baishakh	Jestha 	Ashadh	Max
1	46.08	40.98	33.39	20.72	8.93	7.17	5.64	5.19	4.27	2.66	NA	1.37	92.020
2	75.58	47.26	39.09	20.97	8.93	7.02	5.57	5.12	4.05	2.53	NA	1.30	
3	92.02	61.00	36.12	19.88	8.86	6.94	5.38	4.95	3.94	2.37	0.93	0.97	
4	80.20	49.64	44.73	18.59	8.66	6.96	5.46	5.01	4.05	2.34	NA	0.85	
5	57.01	46.97	37.36	17.93	8.53	6.85	8.33	5.58	4.21	2.37	NA	1.08	
6	55.83	42.57	35.66	18.01	8.73	6.88	7.16	5.18	4.03	2.25	NA	9.97	
7	54.28	35.40	33.26	17.43	8.75	6.51	6.42	5.07	3.72	2.39	NA	7.38	
8	44.23	31.89	31.77	16.46	8.76	6.63	6.18	4.98	3.50	2.08	NA	17.16	
9	47.45	30.69	29.82	15.77	8.75	6.58	6.72	4.81	5.42	2.29	NA	17.01	
10	56.51	29.74	27.88	16.06	8.75	6.64	8.15	4.59	4.71	2.08	NA	7.25	
11	49.46	29.29	26.75	16.23	8.75	6.62	7.30	5.04	4.41	1.96	NA	4.75	
12	64.41	29.77	26.85	15.01	8.81	6.63	6.69	5.81	4.48	1.99	NA	15.42	
13	70.31	27.83	25.88	14.36	8.61	6.68	6.35	5.04	4.19	1.73	0.59	34.61	
14	63.82	26.35	27.40	14.36	8.26	6.53	6.19	4.85	3.89	1.67	NA	64.26	
15	56.07	24.94	26.71	13.41	8.18	6.50	6.12	4.69	3.81	1.60	0.69	17.03	
16	49.61	24.11	53.54	12.17	8.22	6.46	6.18	4.59	3.75	1.63	1.07	18.27	
17	47.83	24.78	33.83	11.74	8.10	6.47	5.86	4.55	3.60	2.95	1.40	11.03	
18	46.01	22.79	42.05	11.59	7.97	6.40	5.80	4.43	3.52	3.07	1.12	14.28	
19	44.25	25.82	33.96	11.44	7.82	6.25	6.60	4.30	3.35	3.54	1.09	11.26	
20	47.67	33.28	31.33	11.43	7.62	6.14	6.27	4.12	3.25	3.59	1.02	12.27	
21	42.24	23.25	33.51	11.42	7.27	5.96	5.94	4.32	3.28	2.90	2.33	11.42	
22	40.92	28.03	30.76	11.27	7.39	6.04	5.78	4.02	3.42	4.19	3.30	19.49	
23	38.31	26.79	28.19	11.18	7.39	5.95	5.67	3.88	3.28	5.92	2.82	13.48	
24	39.76	30.75	27.30	11.19	7.14	5.85	5.62	3.89	3.24	4.58	2.59	10.77	
25	39.98	48.52	28.43	11.19	7.21	5.75	5.60	3.89	3.11	2.82	3.78	26.18	
26	41.51	35.26	29.54	11.17	7.07	5.73	5.82	4.21	3.10	2.07	4.09	33.41	
27	39.20	34.67	26.45	10.65	7.12	5.59	5.72	3.91	3.29	1.50	2.23	28.86	
28	42.16	30.62	24.46	10.26	7.07	5.59	5.37	4.12	3.14	1.37	1.77	38.69	
29	36.77	47.98	22.48	10.02	7.19	5.51	5.26	4.58	2.89	1.28	1.26	42.08	
30	36.68	35.35	21.00	9.42	7.14			4.31	2.82	1.04	1.35	79.19	
31	34.74	32.83							2.78	0.62	1.33	48.09	
32	37.20												
													
F.Y.: 2062/63													
Date	Shrawan	Bhadra	Ashwin	Kartik	Mangsir	Poush	Magh	Falgun	Chaitra	Baishakh	Jestha 	Ashadh	Max
1	44.97	71.85	46.66	20.36	11.47	7.38	5.60	4.62	5.17	2.75	3.09	5.29	139.747
2	87.19	74.95	42.79	20.38	11.37	7.16	5.63	4.60	5.48	2.54	2.93	4.99	
3	87.91	107.25	40.34	40.12	11.23	7.11	5.56	4.56	5.04	2.39	2.28	5.00	
4	56.29	105.57	37.00	25.62	10.90	7.03	5.41	4.51	4.78	2.36	4.64	4.47	
5	74.10	108.94	58.46	24.80	10.57	6.96	5.44	4.34	4.85	3.90	3.60	4.33	
6	80.32	112.09	47.51	21.79	10.24	6.93	5.30	4.24	4.50	4.84	2.76	4.32	
7	74.53	111.70	46.05	21.26	10.15	6.87	5.25	4.22	4.27	3.79	6.74	4.37	
8	63.74	107.54	40.79	20.36	10.16	6.76	5.15	4.27	4.18	3.04	4.39	4.38	
9	58.43	117.56	40.12	19.32	10.16	6.71	5.05	4.22	4.11	4.18	5.32	8.67	
10	64.33	104.06	37.99	18.71	10.16	6.84	5.00	4.11	3.72	4.85	5.33	21.70	
11	69.59	93.16	35.94	17.92	10.06	6.69	4.98	4.07	4.08	6.34	22.54	23.56	
12	59.56	82.69	34.82	17.95	9.85	6.53	4.95	4.08	3.69	13.56	24.16	53.63	
13	50.72	75.50	33.44	17.08	9.69	6.45	4.96	3.96	3.58	14.80	11.06	23.99	
14	48.44	67.37	31.61	15.75	9.51	6.39	4.99	3.68	3.50	7.19	13.59	79.02	
15	49.53	64.21	30.57	14.75	9.54	6.62	4.96	3.60	3.47	4.30	9.97	51.59	
16	41.85	69.30	29.80	14.14	9.32	6.37	4.81	3.50	3.36	3.73	5.23	39.31	
17	51.10	76.26	30.51	13.30	9.19	6.33	4.74	3.49	3.24	3.15	3.60	36.97	
18	39.69	78.57	30.51	13.30	8.97	6.36	4.93	3.40	3.24	2.88	3.13	34.36	
19	40.96	70.69	28.21	13.30	8.66	6.19	4.78	3.45	3.26	2.78	3.12	29.66	
20	39.99	79.52	27.43	13.30	8.55	6.15	4.80	3.48	3.19	2.83	16.30	30.10	
21	41.30	96.26	28.90	13.41	8.24	6.02	4.80	3.38	3.24	2.88	16.03	29.21	
22	60.95	77.49	29.90	12.61	8.17	6.00	4.47	3.39	3.05	3.20	10.22	26.70	
23	82.04	70.44	29.34	12.60	8.23	5.71	4.49	3.48	3.04	8.97	33.36	25.70	
24	64.78	139.75	28.26	12.61	8.03	5.58	4.42	3.46	3.02	6.35	21.00	30.04	
25	56.37	82.52	26.65	12.61	7.82	5.64	4.45	3.47	3.24	4.19	19.23	28.93	
26	50.77	75.54	25.65	12.61	7.70	5.60	4.56	3.88	2.96	3.17	29.90	71.93	
27	51.37	66.23	23.86	12.30	7.54	5.47	4.65	6.62	2.94	3.11	20.86	67.03	
28	80.64	55.61	23.46	11.97	7.41	5.51	5.53	7.20	3.26	2.69	14.42	68.86	
29	63.64	54.63	23.46	11.95	7.34	5.52	4.79	5.34	3.62	2.34	10.25	60.17	
30	65.09	52.80	22.42		7.38		4.65		3.00	5.28	7.26	52.77	
31	99.03	47.26	21.22						2.83	6.67	5.99	59.64	
32	76.48											80.39	
													
F.Y.: 2063/64													
Date	Shrawan	Bhadra	Ashwin	Kartik	Mangsir	Poush	Magh	Falgun	Chaitra	Baishakh	Jestha 	Ashadh	Max
1	63.98	26.52	34.21	14.44	8.43	6.99	4.96	5.34	6.50	3.02	2.42	11.62	90.597
2	78.64	25.13	36.65	13.90	8.41	6.85	4.93	15.92	5.40	2.96	8.83	7.25	
3	83.18	25.27	31.95	14.21	8.43	6.97	4.88	7.54	4.97	3.01	4.43	5.68	
4	90.60	40.32	30.34	12.25	8.43	6.68	4.89	6.40	5.01	3.33	3.94	4.38	
5	87.89	44.15	38.11	12.58	7.89	6.49	4.87	6.03	4.99	9.60	3.66	3.65	
6	70.77	43.30	31.96	12.17	7.76	6.42	4.89	5.68	4.54	6.63	3.96	3.52	
7	59.90	38.40	32.87	11.80	7.74	6.30	4.74	5.47	4.73	7.09	3.77	3.74	
8	55.75	35.97	36.41	11.55	7.62	6.20	4.65	5.17	4.48	4.77	2.62	3.74	
9	52.90	39.84	36.88	10.25	7.45	6.10	4.72	5.13	4.21	3.65	2.14	8.63	
10	82.85	56.65	34.47	10.12	7.48	6.07	4.70	5.01	4.10	3.12	1.17	4.61	
11	88.24	68.22	32.12	10.06	7.45	5.92	4.67	4.87	4.05	2.82	1.16	19.09	
12	70.61	62.69	30.59	10.06	7.29	5.86	4.60	4.77	3.93	3.11	1.39	10.87	
13	59.79	55.29	30.23	10.06	7.13	5.84	4.45	4.91	3.90	4.85	1.48	11.62	
14	53.39	56.42	29.63	10.06	7.18	5.82	4.32	5.10	3.95	3.24	1.08	24.90	
15	50.27	49.20	28.11	10.42	6.80	5.70	4.39	4.86	3.97	3.12	1.03	27.16	
16	41.88	44.47	26.53	9.86	6.71	5.58	4.26	4.82	3.84	3.15	1.03	16.73	
17	43.37	40.56	24.97	9.84	6.50	5.37	4.21	5.90	3.83	3.20	1.00	10.87	
18	41.91	36.88	23.73	9.37	6.76	5.36	4.11	6.15	3.55	2.83	1.03	13.17	
19	39.64	34.83	22.10	9.36	6.65	5.27	4.28	5.30	3.36	2.62	1.23	13.23	
20	38.40	37.51	21.56	9.35	6.44	5.25	4.18	5.03	3.52	2.51	1.10	22.45	
21	38.22	32.77	21.56	9.33	6.31	5.22	4.18	4.95	3.25	2.42	2.42	35.45	
22	44.18	32.77	21.39	9.34	6.26	5.04	4.32	4.77	3.18	2.40	1.36	24.92	
23	37.62	31.19	20.87	9.32	6.07	5.06	4.40	4.69	3.18	2.67	1.44	34.05	
24	37.70	30.52	20.57	9.13	6.11	5.03	4.85	4.56	3.14	3.01	2.04	28.34	
25	39.29	55.81	19.23	9.35	7.65	5.00	4.62	4.52	2.99	2.68	7.41	22.81	
26	34.89	46.33	18.56	9.12	8.39	4.91	4.54	4.58	2.86	7.56	8.52	18.75	
27	35.66	40.10	18.52	9.04	7.28	4.97	4.60	4.41	2.75	6.32	6.66	18.57	
28	37.84	35.81	17.79	8.73	7.26	4.96	5.44	4.52	2.91	3.30	5.79	30.52	
29	35.86	35.63	16.97	8.67	7.12	4.95	5.63	8.06	2.97	3.40	13.27	41.54	
30	32.72	33.16	16.75	8.43		4.93		7.41	2.90	3.17	17.01	33.53	
31	32.72	34.24	15.43							2.52	10.22	59.76	
32												44.70	
													
F.Y.: 2064/65													
Date	Shrawan	Bhadra	Ashwin	Kartik	Mangsir	Poush	Magh	Falgun	Chaitra	Baishakh	Jestha 	Ashadh	Max
1	49.77	83.86	51.37	25.64	11.59	7.91	5.92	4.56	3.84	4.11	7.26	81.92	187.250
2	46.12	80.65	41.90	24.17	11.12	7.76	5.72	4.54	3.82	3.38	8.58	24.30	
3	38.36	71.45	43.03	24.46	11.05	7.85	5.88	4.49	3.67	3.08	4.87	15.03	
4	35.34	56.94	40.59	22.81	10.08	7.82	5.89	4.37	4.40	2.88	3.83	14.29	
5	33.94	49.18	36.49	22.16	10.73	7.60	6.53	4.31	3.96	2.74	2.59	39.52	
6	49.61	47.64	34.65	21.97	10.47	7.47	6.32	4.26	3.86	2.84	3.18	20.73	
7	46.18	187.25	33.37	21.28	10.37	7.33	6.06	5.06	3.79	2.75	4.92	17.42	
8	62.03	88.88	52.81	20.12	10.01	7.35	6.03	5.11	3.69	2.68	5.00	37.46	
9	63.52	81.35	48.51	19.07	9.86	7.38	5.94	4.84	3.62	2.34	3.23	41.68	
10	64.16	95.13	42.43	18.59	9.75	7.28	6.07	4.77	3.53	2.23	2.81	55.02	
11	67.86	83.95	54.26	18.17	9.55	7.17	6.05	4.68	4.63	2.06	2.77	46.45	
12	99.23	78.13	68.54	17.59	9.55	7.04	6.13	4.49	3.54	2.12	3.35	37.63	
13	103.05	86.41	62.43	17.31	9.38	7.09	5.97	4.29	3.35	2.07	3.55	46.86	
14	169.56	156.09	55.63	17.18	9.25	6.90	5.79	4.27	3.38	1.79	2.78	94.20	
15	111.43	124.91	50.31	17.18	9.12	6.82	5.80	4.42	3.31	1.75	2.37	74.69	
16	127.42	102.51	45.14	16.29	9.15	6.69	5.59	4.36	3.27	1.74	1.94	58.57	
17	105.69	99.09	42.14	15.67	9.07	6.64	5.71	4.30	3.42	1.81	1.76	59.03	
18	81.08	135.62	40.57	15.60	9.24	6.44	5.63	4.24	3.29	1.88	1.64	55.32	
19	69.85	184.98	38.31	15.41	8.77	6.44	5.37	4.31	3.28	1.91	6.60	50.63	
20	63.63	156.17	37.55	14.19	8.64	6.43	5.42	4.58	3.58	1.73	5.76	44.90	
21	57.80	126.34	36.76	13.94	8.63	6.26	5.37	4.66	3.32	1.73	4.84	39.29	
22	51.71	102.21	33.67	13.97	8.64	6.33	5.11	4.51	3.35	1.87	3.60	35.48	
23	45.64	85.73	32.17	13.78	8.64	6.44	4.96	4.34	4.46	4.12	4.33	35.58	
24	41.49	74.26	31.10	13.27	8.65	6.26	5.02	4.44	8.00	1.85	5.58	33.88	
25	38.41	64.15	29.79	13.19	8.65	6.24	4.97	4.34	6.10	6.03	8.94	32.90	
26	50.36	60.75	27.60	13.11	8.64	6.11	4.81	4.21	4.50	4.17	4.54	30.87	
27	48.81	55.56	31.68	13.15	8.68	6.00	4.74	4.14	3.98	2.93	3.92	26.60	
28	48.07	53.50	28.60	12.43	8.50	5.86	4.60	4.08	4.42	3.04	5.31	31.10	
29	77.57	50.17	28.49	12.53	8.14	5.94	4.60	4.07	3.73	4.32	26.93	36.67	
30	93.42	47.05	26.89	12.49		5.93		3.92	4.05	3.93	16.14	32.50	
31	74.61	47.21								3.89	13.28	38.97	
32	77.02										40.65		
													
F.Y.: 2065/66													
Date	Shrawan	Bhadra	Ashwin	Kartik	Mangsir	Poush	Magh	Falgun	Chaitra	Baishakh	Jestha 	Ashadh	Max
1	48.08	74.37	85.72	22.89	11.08	6.58	5.55	5.41	3.40	2.42	1.28	3.3	236.300
2	61.00	72.51	99.68	21.98	11.03	6.55	5.49	4.91	3.42	2.29	4.50	2.53	
3	64.95	94.11	79.85	21.19	9.60	6.50	5.42	4.82	3.46	1.91	2.53	1.68	
4	67.21	96.50	236.30	20.41	9.60	6.47	5.21	4.72	3.42	2.03	1.78	1.41	
5	80.68	85.74	112.89	20.14	9.64	6.29	5.10	4.53	3.65	1.95	1.24	1.31	
6	77.58	88.32	92.91	20.14	9.29	6.69	5.19	4.45	3.72	1.91	1.70	1.30	
7	70.23	82.56	75.65	20.14	9.09	6.56	4.97	4.31	3.65	1.88	3.06	1.47	
8	75.93	87.98	66.66	19.66	8.98	6.56	5.06	4.27	3.68	1.98	13.64	1.56	
9	66.09	106.28	71.76	18.22	8.84	6.50	5.08	4.25	3.81	1.78	22.22	1.50	
10	59.08	126.13	63.29	17.32	8.67	6.43	5.00	4.10	3.75	1.87	6.06	4.69	
11	54.74	101.21	55.79	17.34	8.64	6.52	4.97	3.78	3.85	2.00	5.13	4.30	
12	52.63	90.31	51.17	17.32	8.47	7.33	4.77	3.51	3.44	1.61	5.18	9.09	
13	49.33	82.23	48.89	16.35	8.36	6.99	4.68	3.50	3.63	1.35	5.24	8.97	
14	40.75	66.53	55.01	15.77	8.36	6.91	4.59	3.66	3.47	1.54	7.88	65.13	
15	43.70	64.20	45.39	15.79	8.36	6.71	4.53	3.40	3.12	1.42	8.41	18.80	
16	50.62	60.95	42.53	15.75	8.20	6.53	4.43	3.31	3.09	1.47	7.42	13.90	
17	41.55	55.31	41.35	15.78	7.92	6.52	4.56	3.32	3.10	1.43	4.91	17.92	
18	46.62	49.81	39.49	15.79	7.99	6.50	4.49	3.26	2.89	1.34	3.73	9.98	
19	63.72	49.61	43.29	15.80	8.03	6.61	4.36	3.34	2.84	1.23	3.61	7.88	
20	56.64	44.05	35.20	15.62	7.91	6.19	4.25	3.38	2.85	2.19	3.58	15.09	
21	71.89	40.74	31.74	14.25	7.82	6.12	4.39	3.27	2.85	1.73	3.10	13.67	
22	97.30	39.26	30.40	14.25	7.58	5.93	4.42	3.39	2.80	2.22	3.09	10.23	
23	97.85	35.19	29.73	13.47	7.57	5.77	4.39	3.33	2.75	1.72	4.07	9.53	
24	92.49	37.68	29.16	12.69	7.48	5.74	4.23	3.21	2.69	1.25	3.27	24.22	
25	80.63	36.03	29.26	12.70	7.40	5.74	4.19	3.27	2.83	1.09	2.24	16.91	
26	77.81	43.75	28.32	12.70	7.43	5.65	4.16	3.16	2.66	1.03	2.13	11.38	
27	69.33	46.91	26.95	12.70	7.39	5.57	4.04	3.08	2.90	0.84	1.84	13.49	
28	61.80	40.40	25.72	12.02	7.17	5.46	4.00	3.18	2.60	1.05	1.75	15.61	
29	76.24	60.35	23.97	11.56	7.03	5.49	4.99	3.30	2.57	1.28	2.20	79.36	
30	77.02	49.71	23.52	11.18	6.80				2.53	1.82	11.74	42.50	
31	92.10								2.42	1.11	6.06	33.79	
32	81.29												
													
F.Y.: 2066/67													
Date	Shrawan	Bhadra	Ashwin	Kartik	Mangsir	Poush	Magh	Falgun	Chaitra	Baishakh	Jestha 	Ashadh	Max
1	25.95	104.63	36.79	30.42	10.96	7.61	5.91	5.6	3.23	2.50	0.564	2.92	129.330
2	24.32	115.26	35.01	29.34	10.42	7.42	5.84	5.34	3.30	2.26	0.47	2.22	
3	25.77	104.67	32.61	29.32	10.24	7.25	5.82	5.22	4.11	2.27	0.39	3.55	
4	65.38	97.40	29.92	28.19	10.08	7.10	5.66	5.06	4.64	2.39	0.38	3.29	
5	56.35	83.79	38.70	26.79	10.08	7.00	5.57	4.91	4.16	2.19	0.38	18.91	
6	36.97	75.71	46.44	25.59	9.90	9.94	5.40	4.78	4.05	2.18	0.61	46.30	
7	35.51	67.92	38.18	24.73	9.63	6.96	5.23	4.77	3.88	1.99	0.38	49.03	
8	27.39	81.23	34.16	23.90	9.46	6.93	5.23	4.70	3.80	1.77	0.17	12.49	
9	23.91	70.39	38.98	22.59	9.34	6.97	5.12	4.78	3.72	1.46	9.67	8.59	
10	21.84	66.03	33.24	21.67	9.16	6.90	5.07	4.70	3.72	1.47	5.98	13.52	
11	25.50	63.29	30.35	20.84	9.16	6.81	5.09	4.73	3.51	1.55	4.23	8.93	
12	99.71	61.62	33.61	20.10	8.85	6.84	4.93	4.78	3.24	1.49	6.19	8.19	
13	129.33	53.70	35.06	19.25	8.66	6.74	4.96	4.57	3.28	1.59	5.61	11.13	
14	99.37	53.78	31.80	18.61	8.55	6.65	4.84	4.52	3.22	1.54	7.36	15.14	
15	85.81	105.25	30.06	17.65	8.55	6.64	4.94	4.48	3.18	1.63	2.31	8.27	
16	63.79	71.01	28.00	17.08	8.55	7.05	4.80	4.35	2.68	3.07	1.65	8.54	
17	52.58	71.11	26.20	16.53	8.55	6.72	4.75	4.18	2.90	3.94	1.37	22.79	
18	53.97	65.72	25.89	15.59	8.55	6.74	4.73	4.01	2.88	2.62	1.41	11.31	
19	62.27	64.26	25.60	15.31	8.47	6.53	4.78	3.86	2.67	2.50	1.06	12.77	
20	79.72	64.37	45.71	13.67	8.37	6.53	4.58	3.66	2.67	2.20	1.15	9.97	
21	73.01	64.35	110.35	12.58	8.09	6.45	4.58	3.58	2.79	2.09	0.90	9.66	
22	88.26	65.08	81.22	12.58	8.09	6.34	4.79	3.69	2.67	3.30	1.13	19.49	
23	102.03	57.58	63.16	12.57	7.97	6.53	4.38	3.56	2.67	2.48	1.02	26.84	
24	101.54	58.14	55.82	12.58	8.02	6.14	4.33	3.24	2.72	2.09	0.95	17.13	
25	103.84	58.61	46.93	11.79	8.01	5.96	4.40	3.51	2.73	1.58	1.01	15.45	
26	107.75	55.31	45.61	11.05	7.94	5.87	7.37	3.42	2.65	1.23	1.05	15.38	
27	76.03	46.51	40.43	11.05	7.84	5.77	7.08	3.21	2.56	0.94	1.02	22.53	
28	73.85	45.92	38.33	11.05	7.84	5.76	6.06	3.29	2.37	0.89	1.31	63.13	
29	125.32	43.69	36.36	11.03	7.77	5.91	5.69	3.20	2.37	0.64	4.66	52.82	
30	122.23	41.73	32.97		7.64	5.97			2.31	0.55	11.08	34.78	
31	122.70	40.40	30.96						2.11	0.55	5.67	27.74	
32	109.77											25.34	
													
F.Y.: 2067/68													
Date	Shrawan	Bhadra	Ashwin	Kartik	Mangsir	Poush	Magh	Falgun	Chaitra	Baishakh	Jestha 	Ashadh	Max
1	27.26	27.26	111.12	26.89	13.31	7.36	5.78	4.12	3.28	3.11	0.98	5.63	242.060
2	35.66	35.66	112.09	25.51	12.64	7.29	5.86	4.24	3.38	3.17	5.01	4.62	
3	103.28	103.28	105.35	24.28	12.27	7.24	5.84	4.32	3.35	3.02	9.40	6.34	
4	115.71	115.71	83.94	23.55	12.04	7.14	5.66	5.91	3.48	2.84	6.71	7.64	
5	95.37	95.37	83.13	25.60	11.94	7.01	5.54	6.07	3.50	2.81	3.30	13.92	
6	101.35	101.35	85.11	22.91	11.62	7.14	5.51	5.31	3.28	2.94	4.32	16.14	
7	79.25	79.25	80.87	21.23	11.46	6.94	5.46	5.10	3.59	2.87	9.12	9.37	
8	70.38	70.38	74.05	20.30	11.40	6.95	5.44	5.14	3.38	2.63	2.65	6.05	
9	70.08	70.08	72.84	18.39	10.17	6.81	5.26	5.03	3.28	2.49	2.25	5.10	
10	64.55	64.55	74.52	17.36	9.68	6.74	5.23	5.02	3.31	2.28	2.02	6.45	
11	100.65	100.65	66.37	17.35	9.40	6.69	5.22	4.75	3.34	2.29	1.90	38.67	
12	77.15	77.15	61.31	17.34	9.01	6.73	5.17	4.78	3.26	2.40	10.52	22.35	
13	81.94	81.39	56.65	16.84	8.66	6.36	5.01	4.79	3.75	2.26	5.02	31.82	
14	242.06	242.06	54.06	17.35	8.65	6.73	5.06	4.72	5.04	2.36	7.17	28.13	
15	119.51	119.51	50.07	17.33	8.36	6.36	5.00	4.58	4.23	2.46	10.32	19.94	
16	100.67	100.67	46.63	16.75	8.32	6.67	4.95	4.55	4.08	3.95	9.74	40.03	
17	84.72	84.72	44.20	16.48	8.34	7.45	4.87	4.32	4.75	2.65	7.65	108.19	
18	67.72	67.72	40.20	15.77	8.32	6.94	4.95	4.17	3.87	2.60	4.57	76.28	
19	58.15	58.15	39.02	15.79	8.10	6.69	4.85	4.16	3.63	2.47	2.67	53.41	
20	70.34	70.38	37.34	15.55	8.02	6.67	4.87	4.16	3.73	2.85	2.32	46.63	
21	53.69	53.69	34.43	15.13	7.97	6.63	4.84	4.05	3.49	3.29	2.37	47.58	
22	51.63	51.63	32.82	15.25	7.93	6.34	4.72	4.02	3.26	2.45	2.10	42.22	
23	44.84	44.84	32.30	14.79	7.93	6.30	4.68	3.66	3.08	2.55	2.03	45.36	
24	45.13	45.13	31.93	14.21	7.76	6.14	4.61	3.73	3.19	3.76	4.48	44.27	
25	47.59	47.59	31.74	14.11	7.43	5.99	4.56	3.55	2.90	2.67	4.26	39.40	
26	49.68	49.68	31.17	13.87	7.40	5.95	4.55	3.60	2.77	2.90	10.60	43.58	
27	45.66	45.66	30.17	13.37	7.44	6.04	4.46	3.51	2.93	2.24	6.07	42.63	
28	44.19	44.19	28.17	13.30	7.45	5.74	4.17	3.53	2.80	1.99	15.37	46.06	
29	44.11	44.11	26.39	12.93	7.28	5.70	4.13	3.32	2.91	1.63	6.17	47.56	
30	61.88	61.88	26.94	12.82		5.70		3.34	3.15	1.56	5.84	71.76	
31	58.83	58.83	27.48							1.35	6.14	58.27	
32												97.43	
													
F.Y.: 2068/69													
Date	Shrawan	Bhadra	Ashwin	Kartik	Mangsir	Poush	Magh	Falgun	Chaitra	Baishakh	Jestha 	Ashadh	Max
1	62.92	55.31	75.40	24.44	11.00	7.31	6.44	5.44	4.13	3.20	1.26	1.25	150.562
2	47.53	68.15	70.77	23.75	10.09	7.27	6.55	5.41	4.04	3.01	0.87	1.31	
3	43.72	63.37	76.85	23.28	11.05	7.13	6.30	5.24	3.87	3.04	0.73	11.49	
4	82.39	58.44	63.78	23.35	10.89	7.02	6.28	5.06	3.71	3.01	0.61	44.24	
5	76.54	60.63	64.81	21.87	10.40	7.00	6.19	5.14	3.69	2.85	0.56	38.65	
6	82.04	150.56	63.86	21.28	9.58	6.92	6.73	5.03	3.99	2.67	2.84	8.62	
7	74.46	85.09	85.92	19.82	9.48	6.85	6.30	4.77	3.67	2.52	4.47	14.16	
8	61.56	92.17	77.74	18.66	9.24	6.68	6.12	4.89	3.58	2.47	1.56	13.78	
9	57.88	75.77	68.69	17.94	9.05	6.62	6.05	4.84	3.38	2.49	1.17	17.48	
10	59.07	75.51	65.94	17.27	8.70	6.48	5.64	4.74	3.29	2.18	1.01	12.06	
11	56.52	70.54	58.16	16.89	8.36	6.50	5.58	4.56	3.28	2.01	0.80	7.66	
12	56.58	65.61	53.83	16.29	8.26	6.48	5.28	4.36	3.38	1.94	0.83	4.83	
13	62.10	59.42	55.88	15.99	8.22	6.44	5.14	4.16	3.32	1.87	0.80	3.37	
14	56.00	61.64	51.05	15.68	8.33	6.54	5.30	4.09	3.14	2.00	1.17	3.151	
15	59.30	48.65	50.67	15.64	8.30	6.53	5.18	3.80	3.07	1.93	1.73	5.898	
16	73.94	42.84	49.45	15.18	8.31	6.34	5.09	3.87	3.19	1.75	0.95	9.45	
17	64.27	41.24	45.86	14.54	8.20	6.67	5.13	3.92	3.21	1.69	0.97	10.61	
18	104.50	39.16	43.70	14.62	7.93	8.45	5.03	3.80	3.30	1.61	1.96	8.50	
19	77.19	37.80	42.61	14.59	7.86	7.74	4.96	3.79	3.35	1.59	1.62	13.40	
20	100.18	41.82	39.23	14.65	7.82	7.16	4.95	3.52	3.34	1.63	3.11	26.73	
21	113.59	87.60	37.90	14.25	7.82	7.15	4.94	3.44	3.71	1.55	1.98	19.84	
22	85.32	76.70	36.33	13.94	7.79	6.93	4.91	3.63	3.33	1.38	1.22	50.54	
23	72.62	69.41	33.87	13.39	7.75	6.74	4.73	3.46	4.79	1.86	1.21	71.61	
24	58.77	64.29	30.85	12.68	7.54	6.74	4.73	3.33	5.51	2.03	1.36	52.14	
25	60.73	63.77	30.57	12.60	7.47	6.79	8.88	3.32	3.55	1.49	1.26	30.11	
26	62.53	57.62	29.39	12.63	7.66	6.80	8.21	3.59	3.32	1.44	1.30	20.82	
27	56.90	60.11	28.22	12.45	7.58	6.66	6.05	3.38	3.40	1.32	1.20	18.81	
28	51.51	135.37	26.75	11.97	7.54	6.74	5.76	3.14	4.90	1.75	2.17	16.26	
29	73.24	89.63	26.21	11.56	7.44	7.28	5.52	3.18	4.03	2.98	3.09	14.28	
30	61.17	98.26	25.71	11.07		6.66		3.69	3.51	1.68	3.03	13.07	
31	84.80	82.87								1.37	1.35	43.61	
32	44.85										1.55		
													
F.Y.: 2069/70													
Date	Shrawan	Bhadra	Ashwin	Kartik	Mangsir	Poush	Magh	Falgun	Chaitra	Baishakh	Jestha 	Ashadh	Max
1	47.626	32.930	94.830	21.780	9.510	6.540	5.000	5.158	3.611	2.338	0.702	16.573	219.540
2	40.570	40.491	86.431	20.709	9.499	6.540	5.004	5.070	3.495	2.334	1.184	27.663	
3	29.566	43.738	72.935	19.883	9.229	6.388	5.140	4.927	3.290	2.287	5.137	89.306	
4	35.878	50.760	74.781	19.161	8.835	6.355	5.009	4.859	3.252	2.812	7.619	139.057	
5	46.403	41.820	65.710	17.631	8.626	6.299	5.804	5.327	3.179	2.653	5.291	96.724	
6	51.154	72.220	58.169	16.244	8.436	6.271	7.459	8.705	3.227	17.962	21.915	61.878	
7	41.360	54.174	50.684	15.389	8.247	6.253	6.125	7.530	3.231	10.573	16.904	50.553	
8	45.031	47.680	47.300	14.910	8.199	6.194	5.864	5.883	3.231	8.294	6.504	74.282	
9	82.735	68.940	45.102	14.815	8.118	6.065	5.576	5.298	3.408	5.343	8.265	71.735	
10	79.227	59.264	41.475	14.654	8.064	6.029	5.247	5.283	3.189	5.470	14.874	65.460	
11	66.640	60.610	39.271	14.335	7.885	5.925	5.372	5.192	3.083	5.368	4.751	54.513	
12	61.390	51.107	36.642	14.212	7.845	5.909	5.290	4.937	3.189	4.296	42.615	53.484	
13	63.220	49.900	35.450	13.918	7.769	5.887	5.298	5.140	3.004	3.374	13.195	46.389	
14	70.310	91.950	33.646	13.460	7.802	5.871	5.231	5.116	2.896	3.075	7.762	68.881	
15	72.210	73.990	31.912	12.619	7.617	5.786	5.261	4.931	2.905	2.799	8.843	73.675	
16	68.358	70.431	30.249	12.080	7.232	5.732	5.180	4.853	3.011	2.584	9.190	83.978	
17	68.150	145.233	30.128	12.008	7.229	5.387	5.020	4.676	2.948	2.429	10.413	68.900	
18	63.421	78.791	28.966	11.980	7.228	5.658	4.981	4.645	2.952	2.208	10.016	61.047	
19	219.540	82.258	29.314	11.836	6.997	5.651	4.958	4.390	3.326	1.994	6.786	55.034	
20	121.270	69.204	28.961	11.675	7.083	5.607	4.884	4.506	3.079	1.899	5.319	50.797	
21	101.009	64.410	25.989	11.534	6.967	5.539	4.960	4.431	2.861	1.719	4.637	48.138	
22	90.107	58.100	24.135	11.378	7.098	5.409	4.851	4.156	2.947	1.473	4.084	50.991	
23	76.146	47.090	23.581	11.159	6.819	5.564	7.777	3.392	2.880	1.370	4.326	58.843	
24	69.155	42.195	23.506	11.085	6.685	5.250	9.299	4.053	2.709	1.287	4.622	58.258	
25	66.630	41.839	22.080	11.089	6.853	5.220	6.871	3.838	2.698	1.183	7.737	76.543	
26	56.810	67.860	21.535	10.907	6.665	5.000	5.934	3.808	2.723	1.214	6.448	101.612	
27	49.860	64.731	21.074	10.612	6.735	5.000	5.460	3.794	2.524	1.130	9.088	122.873	
28	41.720	104.742	24.617	10.381	6.632	5.000	5.306	3.798	2.755	1.018	48.513	105.918	
29	39.690	95.225	22.345	10.148	6.771	5.000	5.236	3.724	2.627	0.819	21.781	93.412	
30	37.790	81.798	21.959	9.940	6.628			3.780	2.441	0.993	23.335	87.901	
31	35.470	76.251							2.590	1.072	19.907	86.416	
32	35.770												
													
F.Y.: 2070/71													
Date	Shrawan	Bhadra	Ashwin	Kartik	Mangsir	Poush	Magh	Falgun	Chaitra	Baishakh	Jestha 	Ashadh	Max
1	90.80	91.62	37.56	23.31	12.27	7.93	6.47	5.13	4.42	2.84	1.01	3.30	212.365
2	74.46	84.12	35.90	28.00	12.26	7.86	6.34	5.12	4.15	2.77	1.07	2.79	
3	74.96	75.36	37.36	26.99	12.51	7.91	6.19	7.04	4.15	2.75	0.94	19.33	
4	168.89	68.04	37.49	24.26	12.28	7.86	12.49	7.82	4.20	2.73	1.02	14.22	
5	124.79	78.62	34.53	23.10	12.12	7.81	9.10	7.22	4.44	2.54	0.88	34.64	
6	102.50	86.99	32.64	22.22	11.81	7.60	7.84	6.29	4.30	2.60	0.92	58.88	
7	154.12	63.23	32.09	21.87	11.45	7.46	7.39	5.90	4.19	2.53	0.86	27.46	
8	114.45	67.56	31.42	21.66	11.20	7.37	7.26	5.74	4.54	2.67	0.83	12.90	
9	123.95	67.89	33.25	21.23	11.06	7.35	7.12	5.62	6.61	2.58	1.00	7.93	
10	117.97	119.48	30.68	20.35	10.92	7.30	6.90	5.57	5.07	2.33	1.02	6.19	
11	123.83	125.82	32.98	20.24	10.64	7.17	6.82	5.47	4.74	2.28	4.51	5.16	
12	103.68	106.36	71.65	19.98	10.32	7.17	6.64	5.40	4.54	2.37	6.67	4.49	
13	90.28	98.35	36.87	19.36	10.04	6.96	6.55	5.39	4.30	2.20	4.95	4.09	
14	75.96	88.05	33.11	18.94	9.51	7.02	6.46	5.22	4.22	2.04	4.85	12.98	
15	72.57	91.77	30.95	18.35	8.93	6.99	6.29	5.31	3.76	2.01	2.12	5.96	
16	100.71	79.57	31.21	17.59	8.80	7.13	6.30	5.32	3.76	2.04	2.41	9.24	
17	75.91	78.14	30.27	16.91	8.58	7.40	6.16	5.75	3.62	1.86	2.97	11.90	
18	70.33	131.37	19.94	15.75	8.60	7.08	6.09	6.39	3.55	1.84	14.35	15.47	
19	64.44	106.56	28.01	15.95	8.71	6.95	6.11	5.39	3.53	3.04	7.17	11.31	
20	62.27	89.10	26.81	16.24	8.53	6.95	6.01	5.17	3.76	2.41	2.78	11.57	
21	83.36	74.00	24.97	15.76	8.53	6.78	5.75	5.13	3.97	2.42	2.37	11.84	
22	119.28	69.18	24.14	14.95	8.48	6.73	5.69	4.91	3.67	5.35	8.95	51.41	
23	120.14	66.09	23.76	14.48	8.38	6.61	5.52	5.03	3.54	4.66	13.38	32.79	
24	212.37	61.58	23.27	14.25	8.36	6.71	5.45	4.89	3.35	3.04	5.08	26.39	
25	188.81	54.07	23.27	13.95	8.33	6.73	5.33	4.79	3.39	2.52	2.29	24.91	
26	132.56	46.42	23.15	13.53	8.22	6.68	5.21	4.75	3.18	2.21	5.47	32.08	
27	119.28	45.61	21.93	13.63	8.22	6.60	5.28	4.80	3.01	1.80	7.60	28.65	
28	119.37	44.03	22.27	13.66	8.08	6.74	4.97	4.50	3.00	1.39	3.37	31.62	
29	117.77	41.49	24.91	12.99	8.11	6.61	5.18	4.23	2.83	1.28	2.23	41.04	
30	101.11	40.17	33.52		8.00	6.57		4.31	2.95	1.09	1.72	28.84	
31	105.26	38.79	25.07							0.83	2.24	37.19	
32	134.50											37.73	
													
F.Y.: 2071/72													
Date	Shrawan	Bhadra	Ashwin	Kartik	Mangsir	Poush	Magh	Falgun	Chaitra	Baishakh	Jestha 	Ashadh	Max
1	32.77	115.82	45.58	22.81	11.30	11.52	6.89	5.30	4.92	4.16	2.29	3.47	115.824
2	49.23	113.60	43.11	22.67	11.31	8.81	6.78	5.28	4.93	3.99	2.29	16.80	
3	51.64	93.26	46.17	22.38	11.03	8.25	6.72	5.20	4.66	3.90	2.44	5.98	
4	54.59	81.11	68.49	21.96	10.43	8.29	6.65	5.17	4.75	5.94	2.58	31.72	
5	47.65	67.88	48.08	21.27	10.48	8.18	6.57	5.14	4.76	10.31	2.61	20.95	
6	40.84	64.93	44.26	19.83	10.01	8.08	6.43	5.13	4.55	5.32	2.62	15.14	
7	38.47	63.42	42.57	18.74	9.40	8.04	6.29	5.65	4.38	4.33	2.47	25.20	
8	38.17	59.54	41.25	18.15	9.39	7.95	6.26	5.58	4.34	3.93	2.33	15.27	
9	55.83	54.24	42.22	20.21	9.19	7.85	6.58	4.93	4.93	3.45	1.92	12.59	
10	59.83	49.80	39.19	20.77	9.09	7.71	6.37	4.72	5.78	3.42	2.00	11.57	
11	58.01	58.50	36.95	19.38	8.89	7.55	6.34	4.68	4.74	3.53	2.09	9.15	
12	60.36	67.91	34.85	17.57	8.91	7.52	6.14	4.65	4.52	6.45	2.25	13.09	
13	54.81	56.73	35.10	16.80	8.91	7.36	6.04	4.58	5.00	5.32	2.58	24.79	
14	50.86	51.80	33.41	15.89	8.82	7.24	5.87	5.13	12.76	4.98	2.01	24.26	
15	83.68	53.10	31.15	15.34	8.55	7.13	5.76	5.41	5.71	5.43	1.94	14.65	
16	67.51	57.63	29.73	15.68	8.53	6.96	5.65	4.92	5.88	5.60	2.10	14.20	
17	79.85	49.10	28.80	15.53	8.54	6.96	5.61	5.79	5.97	4.79	2.07	18.16	
18	109.56	45.11	27.46	15.41	8.45	8.07	5.50	10.02	5.26	4.78	1.83	14.75	
19	179.24	40.92	26.58	15.14	8.39	14.91	5.47	8.38	5.12	4.70	1.74	13.97	
20	111.31	37.48	25.78	14.29	8.44	11.33	5.96	7.62	4.90	4.20	1.87	13.38	
21	81.87	35.59	26.33	13.47	8.40	8.84	7.06	7.67	5.41	3.63	5.37	15.46	
22	66.70	34.43	24.77	13.32	8.40	8.29	5.99	6.42	5.52	3.20	5.50	15.34	
23	63.63	34.46	23.13	13.31	8.38	7.99	5.69	5.83	4.73	3.00	2.90	31.71	
24	65.58	41.63	22.97	13.14	8.00	8.48	5.63	5.61	4.52	2.91	2.38	24.91	
25	54.32	49.67	22.61	13.16	7.66	8.04	5.64	5.41	4.42	3.00	2.06	21.62	
26	64.00	85.60	21.76	12.95	7.52	7.67	5.65	5.25	4.14	4.51	1.88	20.40	
27	87.42	62.32	21.24	11.73	7.46	7.50	5.47	5.12	3.94	5.17	2.04	19.39	
28	80.67	61.15	39.19	11.68	10.43	7.22	5.43	4.96	3.82	12.02	2.12	16.69	
29	103.07	56.50	35.05	11.55	8.50	7.13	5.33	4.92	3.71	5.23	3.58	17.55	
30	151.47	53.11	26.20	11.51		7.09		4.87	4.69	3.55	3.56	16.93	
31	149.22	56.89	24.38							3.06	4.34	62.62	
32											3.59		
													
F.Y.: 2072/73													
Date	Shrawan	Bhadra	Ashwin	Kartik	Mangsir	Poush	Magh	Falgun	Chaitra	Baishakh	Jestha 	Ashadh	Max
1	31.77	92.34	29.95	18.09	9.87	6.51	5.40	4.58	5.43	2.23	2.33	5.62	186.781
2	33.34	65.25	29.03	17.65	9.74	6.55	5.31	4.32	4.32	2.43	1.73	8.79	
3	30.46	63.18	56.32	16.73	9.08	6.59	5.31	4.24	4.01	2.36	1.32	8.41	
4	39.95	98.49	67.45	16.10	8.91	6.44	5.12	4.02	3.89	2.25	1.05	8.68	
5	34.05	136.54	93.06	15.53	8.93	6.54	5.24	3.94	3.85	2.21	1.03	10.89	
6	31.44	108.08	62.67	15.21	8.72	6.34	6.18	3.95	3.76	2.27	1.08	20.74	
7	30.61	84.60	56.21	14.67	8.63	6.37	7.02	3.78	3.64	2.22	2.57	22.54	
8	31.20	74.80	50.67	14.00	8.63	6.14	6.28	3.85	3.38	2.12	16.20	19.23	
9	28.37	81.96	44.18	13.80	8.62	6.06	5.70	4.19	3.14	1.88	3.82	14.42	
10	28.54	87.33	39.51	13.45	8.65	6.41	5.53	3.92	3.34	1.85	2.66	21.23	
11	24.78	70.28	37.17	13.02	8.63	6.31	5.49	3.62	3.38	1.64	2.60	16.30	
12	25.69	77.06	35.01	14.45	8.40	6.11	5.42	3.39	3.37	1.54	1.78	12.22	
13	25.99	66.95	33.50	14.47	8.12	6.07	5.29	3.46	3.27	1.60	3.35	14.17	
14	42.72	62.56	32.02	12.65	7.78	5.95	5.37	3.55	3.06	1.43	2.59	20.52	
15	92.41	56.03	30.33	11.99	7.67	5.95	5.34	3.48	3.30	1.49	5.35	22.44	
16	100.24	49.09	30.03	11.70	7.53	5.83	5.27	4.02	3.03	1.43	22.17	30.17	
17	149.02	41.89	29.17	11.68	7.48	5.70	5.16	4.42	2.98	1.18	5.02	45.96	
18	103.91	40.05	28.07	11.71	7.35	5.65	5.02	4.65	2.96	1.22	7.19	97.83	
19	83.05	38.64	26.65	11.68	7.42	5.65	5.01	4.38	3.02	1.30	6.42	60.17	
20	75.87	37.01	24.71	11.72	7.41	5.75	4.96	4.20	3.00	1.24	5.72	65.60	
21	68.88	38.10	23.45	11.57	7.11	5.61	4.88	4.12	3.33	1.20	5.18	186.78	
22	73.95	34.56	23.23	11.33	7.18	5.61	4.76	3.92	2.91	1.39	10.97	87.72	
23	62.78	33.02	22.60	11.09	7.05	5.46	4.79	3.93	2.85	1.32	8.54	73.50	
24	57.01	31.23	23.66	11.04	6.93	5.39	4.82	4.23	2.90	1.37	6.23	68.35	
25	65.54	32.72	23.70	10.71	6.88	5.30	5.13	3.96	2.97	5.76	6.28	60.51	
26	123.39	32.49	21.28	10.46	6.60	5.36	5.00	3.74	2.88	6.11	7.61	78.08	
27	85.68	51.07	20.87	10.29	6.49	5.37	4.79	3.74	2.82	2.80	4.61	72.83	
28	138.86	35.92	22.67	10.18	6.55	5.40	4.70	3.60	2.73	2.39	6.90	63.84	
29	113.88	33.54	20.21	10.02	6.51	5.41	4.61	3.56	2.67	2.41	5.24	57.56	
30	112.24	31.79	19.08	9.88		5.47		3.44	2.38	11.36	3.95	55.05	
31	110.93	31.30								7.68	4.44	59.58	
32	99.78										8.12		
													
F.Y.: 2073/74													
Date	Shrawan	Bhadra	Ashwin	Kartik	Mangsir	Poush	Magh	Falgun	Chaitra	Baishakh	Jestha 	Ashadh	Max
1	100.97	67.68	62.37	33.52	13.77	7.58	6.11	5.23	5.19	3.40	2.78	14.46	527.971
2	94.50	60.33	63.43	31.94	13.73	7.53	6.15	5.03	5.14	3.27	2.59	8.54	
3	93.67	56.47	57.00	31.42	13.51	7.44	6.07	5.03	4.87	2.95	3.78	6.33	
4	94.00	53.28	57.31	30.89	13.26	7.44	5.89	4.93	4.70	2.77	5.17	6.22	
5	135.25	47.77	83.49	30.05	13.09	7.42	5.76	4.95	4.68	2.75	4.85	8.23	
6	149.09	44.49	80.57	29.46	12.81	7.37	5.53	4.92	4.75	3.05	8.50	8.90	
7	324.26	40.83	72.54	28.51	12.43	7.48	5.41	4.86	4.96	31.87	5.28	6.24	
8	177.15	40.26	69.04	28.05	11.46	7.45	5.40	4.69	4.64	11.70	12.33	6.11	
9	144.03	38.82	64.35	26.72	11.07	7.35	5.47	4.63	4.63	4.02	3.33	11.61	
10	217.64	35.53	66.31	25.79	10.92	7.28	5.37	4.58	4.58	3.73	3.33	15.34	
11	527.97	33.45	59.32	25.58	10.57	7.25	5.21	4.80	4.37	5.84	3.21	12.40	
12	286.86	31.30	59.11	24.73	10.22	7.16	5.22	4.84	4.04	3.39	11.89	14.90	
13	177.10	37.20	57.82	23.69	9.95	7.18	5.05	4.86	4.01	2.95	7.89	34.28	
14	182.11	37.85	48.84	23.08	9.71	7.05	7.76	4.72	4.15	2.71	6.43	27.65	
15	135.50	34.84	47.95	22.53	9.53	6.93	8.15	4.64	4.21	2.54	5.88	16.76	
16	148.32	30.67	47.40	21.48	9.46	6.83	6.40	4.54	4.25	2.62	4.45	75.76	
17	120.54	29.55	48.75	20.50	9.26	6.89	6.18	4.17	4.23	2.60	3.58	133.64	
18	105.42	29.05	48.38	19.96	9.14	6.99	6.09	4.42	3.98	2.72	3.28	204.51	
19	89.46	28.97	42.20	19.31	8.93	6.98	5.90	4.68	3.79	2.61	2.81	83.25	
20	81.34	27.17	47.62	18.94	8.69	6.77	5.83	4.43	3.92	2.71	2.83	101.56	
21	78.11	26.09	43.80	18.75	8.60	6.67	5.93	4.22	3.63	2.53	2.34	119.06	
22	80.50	28.98	52.38	18.04	8.53	6.53	5.75	4.09	3.48	2.42	3.29	110.89	
23	71.75	34.48	68.60	16.41	8.44	6.49	5.74	3.92	3.59	2.20	10.67	87.98	
24	59.36	47.07	47.38	15.57	8.46	6.55	5.53	3.96	3.77	2.00	16.95	75.27	
25	59.77	59.42	44.73	15.16	8.22	6.53	5.54	3.89	3.69	2.25	9.82	97.30	
26	67.60	72.48	41.72	15.00	8.10	6.41	5.01	4.12	5.16	2.24	7.43	97.15	
27	63.24	56.36	41.16	14.84	8.04	6.25	5.11	5.77	3.97	2.10	6.27	87.59	
28	59.29	55.95	39.43	14.71	7.89	6.24	5.09	7.13	3.47	2.26	6.55	78.00	
29	57.73	51.23	37.29	14.74	7.79	6.17	5.18	6.62	3.41	11.99	6.71	62.54	
30	67.65	69.94	35.89	14.08	7.71			5.29	3.31	22.62	4.52	55.28	
31	68.20	76.23						5.17	3.37	4.85	17.87	55.87	
32	64.48												
													
F.Y.: 2074/75													
Date	Shrawan	Bhadra	Ashwin	Kartik	Mangsir	Poush	Magh	Falgun	Chaitra	Baishakh	Jestha 	Ashadh	Max
1	49.14	86.11	28.45	20.42	8.34	6.16	5.31	5.23	3.26	3.46	2.61	2.78	163.719
2	49.18	82.22	37.73	19.79	8.34	6.13	5.30	4.68	5.91	3.29	2.09	2.54	
3	44.93	81.98	66.26	18.52	8.32	6.06	5.19	4.40	4.16	3.00	1.78	1.97	
4	44.28	80.21	55.79	18.37	8.31	6.08	5.10	4.35	3.68	2.75	1.55	1.69	
5	41.99	77.86	84.60	17.57	8.33	6.12	5.14	4.26	3.63	2.97	1.20	1.68	
6	53.25	78.06	73.94	16.91	8.27	6.39	5.03	4.22	3.66	2.83	4.39	1.58	
7	44.34	83.58	65.50	16.14	8.32	6.11	5.04	4.29	3.58	2.54	2.06	1.64	
8	42.54	81.26	58.50	15.44	8.28	6.08	5.02	4.14	3.90	2.51	1.65	1.53	
9	40.71	77.59	53.95	14.55	8.18	5.73	5.04	4.04	3.79	2.32	1.42	2.40	
10	42.12	75.41	49.82	14.31	7.99	5.95	5.43	3.94	3.37	2.30	1.68	3.92	
11	41.24	70.93	46.48	14.17	8.01	5.94	5.10	3.81	3.30	2.11	1.41	2.35	
12	37.56	62.53	47.78	16.12	8.03	5.52	5.06	3.73	3.26	2.22	1.37	8.30	
13	32.90	58.17	42.63	14.61	7.96	5.81	4.94	3.71	3.54	2.26	1.15	6.96	
14	46.46	54.42	41.91	13.78	7.68	5.74	4.93	3.74	3.21	3.65	1.48	3.88	
15	66.90	55.68	41.01	13.71	7.63	5.53	4.88	3.73	3.21	3.12	2.69	2.44	
16	62.10	56.90	41.73	13.59	7.56	5.55	4.81	3.82	3.82	2.72	3.91	2.71	
17	58.08	55.50	33.40	13.14	7.57	5.52	4.85	3.84	3.76	3.72	2.52	4.33	
18	71.91	52.57	31.11	12.88	7.55	5.61	4.77	3.66	3.43	4.13	4.47	39.71	
19	75.92	50.32	30.01	12.73	7.52	5.62	4.75	3.52	3.46	3.00	4.09	16.18	
20	163.72	48.10	29.45	12.28	7.47	5.51	4.69	3.40	3.29	3.74	3.08	7.89	
21	120.77	54.41	28.62	12.06	7.43	5.52	4.57	3.31	4.93	3.09	2.58	5.37	
22	100.48	47.86	26.94	11.71	7.31	5.49	4.45	3.38	4.74	2.79	3.52	4.73	
23	103.87	41.08	26.63	11.34	7.25	5.42	4.54	3.31	4.07	2.42	2.44	7.23	
24	88.17	38.28	25.62	11.07	6.99	5.41	4.51	3.15	7.74	2.15	2.35	10.55	
25	88.25	36.70	25.19	10.54	6.82	5.36	4.34	3.15	5.26	1.72	23.64	15.87	
26	86.05	34.83	23.62	9.86	6.87	5.34	4.23	3.27	5.37	1.64	6.25	11.12	
27	77.80	33.33	23.03	9.46	6.81	5.20	4.17	3.22	5.73	1.41	7.04	14.56	
28	75.99	32.12	22.68	8.94	6.59	5.21	4.13	3.19	6.21	1.41	4.39	22.45	
29	101.32	31.64	22.45	8.92	6.16	5.29	4.30	3.18	4.79	1.11	3.26	14.52	
30	88.35	36.18	22.25	8.64		5.22		3.19	3.99	1.35	4.71	17.39	
31	78.52	31.97	21.65							5.02	2.90	27.39	
32	77.76											33.54	
													
F.Y.: 2075/76													
Date	Shrawan	Bhadra	Ashwin	Kartik	Mangsir	Poush	Magh	Falgun	Chaitra	Baishakh	Jestha 	Ashadh	Max
1	23.68	91.65	36.77	14.20	7.74	5.89	4.88	5.66	4.16	3.77	2.22	1.52	175.976
2	42.73	79.34	35.13	14.20	7.74	5.69	4.87	5.67	4.07	3.25	2.11	1.28	
3	24.07	70.72	32.01	14.10	7.76	5.61	4.74	5.91	3.95	3.45	1.58	1.45	
4	23.12	68.17	29.62	13.57	7.78	5.49	4.70	7.27	4.05	4.59	1.14	1.52	
5	23.51	60.19	32.41	13.07	7.63	5.62	4.61	6.90	4.01	3.66	1.16	1.90	
6	19.80	63.72	34.28	12.68	7.51	5.43	4.61	5.81	3.99	3.52	1.11	1.72	
7	51.55	63.46	30.23	12.64	7.47	5.49	4.69	6.06	3.74	3.12	0.86	5.95	
8	34.27	68.77	28.69	12.43	7.23	5.58	4.75	5.50	3.63	3.35	0.70	8.30	
9	38.79	71.06	26.72	11.93	7.07	5.57	6.22	5.20	3.59	4.77	0.90	5.29	
10	32.50	64.20	25.00	11.37	7.04	5.53	5.26	5.10	3.50	3.84	0.87	9.29	
11	29.93	65.95	24.35	10.98	6.90	5.39	5.85	5.00	3.56	3.41	0.80	8.77	
12	32.55	76.72	24.17	10.83	6.79	5.32	11.15	4.89	4.48	3.22	0.95	4.77	
13	40.70	67.90	23.56	10.66	6.84	5.49	7.11	4.81	4.64	2.95	0.77	2.91	
14	39.03	69.11	22.88	10.35	6.72	5.34	6.16	4.71	4.07	2.82	0.72	7.84	
15	33.90	109.53	21.66	10.00	6.59	5.36	6.12	6.63	3.76	2.70	0.80	18.06	
16	32.94	85.65	20.98	9.74	6.48	5.21	5.51	9.09	3.77	2.36	18.05	6.73	
17	50.52	82.32	20.38	9.59	6.48	5.24	5.20	6.65	3.89	2.24	6.64	7.01	
18	44.46	75.89	21.39	9.60	6.32	5.23	5.23	5.87	3.54	2.48	5.63	11.14	
19	53.36	74.54	22.24	9.55	6.11	5.25	5.16	5.89	3.75	2.60	10.59	5.44	
20	80.11	66.62	19.33	9.27	6.04	5.12	4.77	5.50	3.58	3.19	7.41	7.39	
21	61.68	61.88	19.30	8.91	5.90	5.10	4.85	5.17	3.78	2.89	3.08	21.24	
22	48.81	65.18	20.06	8.77	5.91	5.06	4.81	5.24	3.55	2.62	2.59	20.47	
23	44.51	53.39	18.63	8.63	5.77	5.17	4.85	4.99	9.97	2.42	2.61	45.41	
24	39.61	49.27	18.44	8.54	5.81	5.27	6.85	4.91	7.78	2.32	4.75	46.46	
25	46.31	47.34	18.36	8.51	5.90	5.20	8.84	4.77	5.81	2.23	2.85	29.51	
26	50.70	45.51	17.48	8.65	5.79	5.14	14.65	4.60	4.31	1.95	2.71	24.44	
27	55.85	42.12	16.69	8.62	5.89	5.07	8.21	4.47	3.89	1.97	3.46	29.98	
28	52.74	42.50	16.13	8.65	5.90	4.99	6.81	4.32	3.85	1.61	4.15	47.03	
29	91.24	40.49	15.57	8.41	5.91	4.90	6.15	4.28	3.62	1.31	3.77	32.24	
30	175.98	39.37	15.56	7.98		4.89		4.07	3.73	1.45	2.54	24.24	
31	89.33	40.88	14.61							2.74	2.28	19.87	
32											1.81		
													
F.Y.: 2076/77													
Date	Shrawan	Bhadra	Ashwin	Kartik	Mangsir	Poush	Magh	Falgun	Chaitra	Baishakh	Jestha 	Ashadh	Max
1	26.91	43.64	94.95	22.77	9.64	7.70	5.77	4.89	5.52	3.77	7.33	29.61	132.414
2	29.76	38.11	103.58	22.30	9.61	7.41	6.54	4.60	8.31	13.71	6.89	31.48	
3	26.02	32.66	85.35	21.56	9.39	7.25	12.65	4.58	6.09	15.34	5.73	28.64	
4	39.36	42.58	74.64	20.98	9.17	7.20	9.61	4.62	5.21	10.93	5.25	41.26	
5	42.39	48.89	80.08	19.72	9.01	6.80	7.68	4.54	5.12	4.71	4.87	57.69	
6	37.92	40.21	67.66	18.84	8.76	6.80	6.48	4.56	5.02	4.14	4.31	90.07	
7	49.33	82.73	61.57	18.54	8.69	6.69	5.88	4.45	5.09	3.82	4.11	69.04	
8	52.44	91.54	57.56	17.90	8.69	6.70	5.75	4.46	5.42	3.70	3.98	70.31	
9	48.52	64.51	58.84	16.96	8.69	6.09	5.83	4.50	9.19	5.91	3.73	50.76	
10	39.64	50.04	52.88	16.12	8.69	6.45	5.83	5.22	6.88	6.13	3.55	42.47	
11	41.06	44.37	48.72	15.67	8.71	6.07	5.75	4.82	5.75	5.35	3.65	41.40	
12	33.88	42.17	46.76	15.48	8.30	5.95	5.79	4.85	5.38	5.70	3.11	37.62	
13	29.37	38.74	43.24	15.21	8.38	6.21	5.79	6.29	5.20	5.13	3.19	67.07	
14	28.42	41.31	46.12	14.97	8.08	6.01	5.69	7.79	4.98	7.35	4.14	85.97	
15	25.21	53.02	39.64	14.82	7.85	5.77	5.93	6.12	4.88	5.70	5.11	131.85	
16	29.46	38.63	37.31	14.50	7.84	5.67	5.79	5.36	4.52	5.95	6.98	86.62	
17	27.06	44.00	36.68	13.99	7.55	5.72	5.75	5.20	4.30	5.85	5.97	70.46	
18	48.45	54.06	33.89	14.01	7.51	6.56	5.56	5.13	4.22	5.18	4.39	62.27	
19	39.35	48.79	32.48	13.77	7.47	6.26	5.61	5.02	4.16	7.03	7.05	118.83	
20	132.41	74.52	33.18	12.84	7.26	6.28	5.43	5.41	4.11	5.19	4.69	81.38	
21	72.56	77.85	36.17	12.67	7.13	6.03	5.39	4.94	4.06	5.23	5.41	111.79	
22	56.89	66.43	32.81	12.69	6.86	5.89	5.27	6.28	3.89	14.15	7.49	76.69	
23	46.31	69.72	30.37	12.48	7.14	5.89	5.21	5.46	3.70	14.50	6.80	100.30	
24	41.90	102.95	28.05	12.20	6.88	6.58	5.16	8.48	3.50	16.08	6.13	97.50	
25	38.94	110.02	26.67	11.89	7.07	5.89	5.14	6.31	3.39	10.95	19.40	105.59	
26	41.67	99.40	25.46	11.36	6.97	5.82	5.21	5.40	3.45	7.60	10.00	97.95	
27	41.67	96.80	25.08	10.89	7.40	5.90	5.05	5.19	3.47	6.20	9.44	97.31	
28	35.99	81.99	24.20	10.54	9.90	5.77	4.98	5.09	3.31	10.22	7.32	76.09	
29	31.25	79.41	23.64	10.31	7.88	5.90	4.88	5.06	3.87	15.97	16.77	74.81	
30	31.64	86.25	23.27	9.93	7.80			5.02	4.96	14.47	24.42	74.51	
31	27.97	92.47								9.69	30.53	62.45	
32	25.55										40.69		
													
F.Y.: 2077/78													
Date	Shrawan	Bhadra	Ashwin	Kartik	Mangsir	Poush	Magh	Falgun	Chaitra	Baishakh	Jestha 	Ashadh	Max
1	58.476	93.653	51.361	24.846	10.276	6.963	5.295	4.494	3.952	2.733	3.612	131.520	159.935
2	58.963	99.530	51.361	24.374	10.206	6.824	5.264	4.430	3.789	2.885	2.960	138.761	
3	60.392	139.306	108.352	23.216	9.973	6.793	5.229	4.333	3.582	2.332	2.571	82.750	
4	58.735	159.935	61.948	22.415	9.661	6.654	5.187	4.277	3.412	2.642	2.376	54.069	
5	62.714	134.964	62.149	22.048	9.700	6.750	5.129	4.157	3.576	2.616	2.038	48.690	
6	65.886	114.500	68.449	21.899	9.700	6.756	5.120	4.078	3.494	2.459	3.475	38.217	
7	58.840	105.441	127.387	21.563	9.289	6.629	5.073	4.160	3.415	2.438	3.901	33.738	
8	52.972	93.621	125.002	20.921	9.083	6.639	5.014	3.818	3.271	2.531	2.423	77.636	
9	68.083	100.319	101.178	19.911	9.131	6.613	4.949	3.674	3.122	3.124	2.036	83.698	
10	59.857	99.526	89.652	19.090	9.058	6.575	4.957	3.600	3.068	2.969	1.621	67.850	
11	79.499	88.550	79.472	18.628	8.831	6.389	4.881	3.615	3.440	2.692	8.550	58.308	
12	66.155	89.283	73.326	18.316	8.806	6.277	5.012	3.613	3.338	2.377	6.663	49.621	
13	105.545	77.019	63.766	17.993	8.592	6.400	4.775	3.625	2.909	2.299	7.306	43.961	
14	102.269	68.823	57.105	17.799	8.183	6.319	4.762	3.648	3.101	2.270	13.627	57.837	
15	84.092	62.626	52.455	17.268	7.915	6.251	4.730	3.745	3.159	2.191	30.526	43.641	
16	110.490	79.760	51.276	17.090	7.824	6.177	4.591	3.614	3.003	2.838	13.587	38.428	
17	89.521	74.738	46.173	16.829	7.856	6.067	4.593	3.538	3.034	5.671	8.167	34.537	
18	81.553	63.095	44.619	15.266	7.981	5.850	4.536	3.396	2.918	3.065	11.017	30.507	
19	91.725	60.027	40.857	14.315	7.643	5.806	4.408	3.413	2.955	3.329	7.387	28.378	
20	72.498	54.398	38.432	14.202	7.678	5.768	4.360	3.448	2.947	2.837	6.629	27.562	
21	70.694	50.349	37.050	13.813	7.616	5.819	4.403	3.493	2.868	4.446	4.820	27.451	
22	69.890	46.457	35.496	13.742	7.710	5.750	4.307	3.419	2.872	8.251	4.212	27.520	
23	60.316	46.072	33.983	13.136	7.722	5.466	4.760	3.382	2.903	6.435	4.776	30.947	
24	82.390	41.092	32.580	12.753	7.693	5.329	4.904	3.378	2.860	6.181	3.908	38.046	
25	96.875	63.659	31.460	12.230	7.707	5.346	4.869	3.663	2.809	11.485	3.475	53.847	
26	118.284	84.469	30.665	11.902	7.592	5.288	4.697	3.581	2.760	9.383	4.151	49.154	
27	111.301	88.728	29.903	11.354	7.453	5.267	4.600	3.400	2.817	30.656	18.868	63.954	
28	104.325	73.936	29.293	11.241	7.289	5.286	4.552	3.382	2.756	7.512	7.811	53.413	
29	125.323	65.669	27.025	10.917	7.222	5.321	4.650	5.187	2.748	5.624	7.855	59.632	
30	114.085	58.945	25.667	10.660	7.085		4.636		2.434	12.716	23.827	74.163	
31	112.111	54.414							2.510	5.545	25.251	88.822	
32	110.430												
													
F.Y.: 2078/79													
Date	Shrawan	Bhadra	Ashwin	Kartik	Mangsir	Poush	Magh	Falgun	Chaitra	Baishakh	Jestha 	Ashadh	Max
1	76.173	121.264	53.915	98.438	17.859	10.556	8.315	7.081	4.501	3.728	4.438	11.085	190.414
2	71.038	163.593	49.701	75.752	17.854	10.108	8.066	7.201	4.517	3.458	4.397	7.520	
3	72.468	170.887	47.266	81.817	18.050	9.840	7.820	6.951	4.625	3.325	4.613	7.552	
4	65.727	125.006	57.453	78.684	18.099	9.399	7.822	6.789	4.600	3.352	3.571	5.859	
5	61.466	113.441	78.925	61.677	18.054	9.292	7.760	6.744	4.466	3.160	3.325	5.675	
6	72.160	99.684	73.245	56.008	15.507	9.269	7.630	6.617	4.483	5.281	3.176	5.962	
7	70.401	93.840	57.863	49.838	17.325	9.258	8.041	6.497	4.482	5.805	4.690	6.000	
8	61.673	87.826	53.023	46.413	17.084	9.074	8.023	6.390	4.386	3.711	3.201	9.372	
9	56.298	81.514	51.967	43.844	16.767	8.980	7.806	6.253	5.000	3.195	4.136	6.921	
10	54.741	81.926	51.286	41.429	16.312	8.984	8.444	6.169	4.519	3.956	4.991	6.400	
11	58.444	108.273	55.885	39.443	15.866	8.911	7.827	6.163	4.328	3.094	9.912	9.105	
12	55.975	106.195	52.314	37.711	15.582	8.677	7.681	5.858	4.256	2.807	6.377	27.457	
13	82.603	113.944	48.292	35.707	15.136	8.730	8.057	6.226	4.154	2.751	4.218	13.225	
14	68.450	132.875	51.494	34.220	14.914	11.340	7.681	6.801	3.937	2.727	4.423	17.322	
15	63.499	123.104	50.076	33.069	14.418	15.982	7.531	6.027	3.913	2.700	9.996	134.220	
16	70.911	111.678	47.208	32.307	13.995	11.233	7.340	5.862	4.192	2.758	6.792	33.738	
17	71.293	104.819	45.154	30.732	13.920	10.153	7.216	5.649	4.277	5.774	5.331	23.720	
18	58.522	99.308	44.091	29.609	13.934	9.552	7.028	5.560	4.335	7.178	4.737	25.284	
19	57.158	108.222	42.187	27.281	13.808	9.382	6.776	5.347	4.292	21.782	5.144	24.277	
20	56.058	111.714	40.709	25.939	13.397	9.108	6.948	5.362	4.231	6.980	3.874	42.755	
21	60.997	190.414	39.865	26.023	13.080	9.035	12.158	5.201	4.229	4.606	30.010	47.539	
22	51.380	123.275	38.566	25.475	12.758	9.065	11.478	5.154	4.040	6.759	13.853	38.909	
23	47.074	104.718	37.025	25.072	12.645	8.747	8.870	5.140	3.858	9.592	8.547	55.079	
24	49.257	97.037	36.419	24.777	12.295	8.689	8.091	5.011	3.953	6.858	6.756	34.339	
25	54.856	86.689	34.181	23.743	11.878	8.621	7.901	4.916	3.614	5.701	7.486	55.282	
26	75.540	75.068	32.716	22.574	11.536	8.619	7.774	4.941	3.864	5.208	10.877	37.582	
27	78.308	68.679	31.731	20.986	11.364	8.444	7.882	4.764	3.724	6.364	8.382	48.108	
28	96.218	64.035	29.960	19.489	11.292	8.483	7.502	4.607	3.753	6.788	9.142	50.893	
29	121.857	59.572	28.875	18.781	10.892	8.316	7.540	4.571	3.886	7.887	15.675	42.972	
30	108.508	56.580	27.801	18.672		8.318		4.549	3.906	7.034	7.600	42.753	
31	184.010	54.693	26.442							5.001	7.002	33.057	
32	120.223											28.429	
													
F.Y.: 2079/80													
Date	Shrawan	Bhadra	Ashwin	Kartik	Mangsir	Poush	Magh	Falgun	Chaitra	Baishakh	Jestha 	Ashadh	Max
1	26.245	36.255	74.894	50.425	14.190								272.011
2	25.88	33.496	69.593	48.475	14.183								
3	30.149	39.487	63.575	49.974	14.025								
4	27.672	37.154	63.05	45.686	13.866								
5	27.473	32.119	56.88	40.615	13.335								
6	30.107	29.799	52.55	39.251	12.830								
7	27.078	28.036	49.702	36.217	12.483								
8	25.736	34.895	51.23	33.770	12.301								
9	27.993	27.877	53.03	32.235	12.062								
10	32.935	27.736	47.11	30.631	11.699								
11	39.364	35.96	44.213	28.538	11.354								
12	60.886	104.816	40.272	27.954	11.218								
13	48.968	114.674	37.596	26.930	11.125								
14	70.53	74.911	36.137	25.269	11.085								
15	62.465	84.085	34.558	24.331	10.737								
16	59.566	71.64	33.635	23.742	10.287								
17	69.112	72.153	32.604	23.078	10.014								
18	126.648	60.686	38.127	22.173	9.853								
19	103.465	57.596	272.011	21.547	9.387								
20	76.305	53.063	257.966	20.625	9.227								
21	88.689	50.172	250.358	20.638	9.069								
22	92.251	48.464	186.225	20.698	8.958								
23	75.54	47.746	131.573	20.415	8.921								
24	68.21	59.614	113.923	19.002	8.899								
25	58.976	68.784	91.518	18.168	8.640								
26	52.954	59.167	84.483	17.036	8.400								
27	47.531	55.185	78.481	15.997	8.480								
28	42.691	51.257	71.819	15.889	8.361								
29	45.678	49.62	66.859	15.845	8.228								
30	45.387	68.205	60.259	15.579									
31	39.388	72.349	53.734										
32													
