# Sg. Kerian Catchment, Malaysia
# Annual rainfall (mm)
# Source: DID Manual Volume 4 - Hydrology and Water Resources,
# Department of Irrigation and Drainage Malaysia, 2009
#
1947 4098
1948 3134
1949 4018
1950 3254
1951 3843
1952 3604
1953 3760
1954 3070
1955 3855
1956 3515
1957 3255
1958 3210
1959 3352
1960 3126
1961 3414
1962 3265
1963 3376
1964 3126
1965 3242
1966 3456
1967 3082
1968 2743
1969 3543
1970 3504
1971 3118
1972 3160
1973 3400
1974 2805
1975 3639
1976 2942
1977 2881
1978 2987
1979 2863
1980 3664
1981 3078
1982 3498
1983 3245
1984 3644
1985 3314
1986 3233
1987 3950
1988 3699
1989 3197
1990 3548
1991 3394
1992 2859
1993 3788
1994 3483
1995 2998
1996 3262
1997 2848
1998 3785
1999 3944
2000 3596
